2019-02-11 16:50:08.261287, , rf>12, 1, 338281353, -1, 0, 3888, 9:1:80, 21:57:48.882, 0,  0.00000,    0.00000, 0, -95, 4.2, 1.067, 3, 328076
2019-02-11 16:50:08.637486, , rf>11, 1, 249810185, 437, 1, 4311, 11:2:19, 16:50:2.667, 0,  0.00000,    0.00000, 0, -87, 4.2, 0.000, 3, 328928
2019-02-11 16:50:12.146600, , rf>12, 2, 338285405, -1, 0, 3708, 9:1:80, 21:57:52.265, 0,  0.00000,    0.00000, 0, -98, 4.2, 1.118, 3, 164
2019-02-11 16:50:13.765874, , rf>11, 2, 249814660, 554, 1, 4949, 11:2:19, 16:50:6.773, 0,  0.00000,    0.00000, 0, -86, 4.2, 1.267, 3, 164
2019-02-11 16:50:15.350381, , rf>12, 3, 338289277, 1825, 3, 3043, 9:1:80, 21:57:56.807, 0,  0.00000,    0.00000, 0, -95, 4.2, 1.270, 3, 164
2019-02-11 16:50:16.997043, , rf>11, 3, 249819773, 281, 1, 3068, 11:2:19, 16:50:11.900, 0,  0.00000,    0.00000, 0, -87, 4.2, 1.134, 3, 164
2019-02-11 16:50:19.708363, , rf>12, 4, 338292484, 169, 3, 4210, 9:1:80, 21:57:59.6, 0,  0.00000,    0.00000, 0, -95, 4.2, 1.399, 3, 164
2019-02-11 16:50:21.918553, , rf>11, 4, 249823005, 544, 1, 4756, 11:2:19, 16:50:14.133, 0,  0.00000,    0.00000, 0, -88, 4.2, 1.434, 3, 164
2019-02-11 16:50:24.692920, , rf>12, 5, 338296858, 418, 1, 4802, 9:1:80, 21:58:4.393, 0,  0.00000,    0.00000, 0, -95, 4.2, 1.431, 3, 164
2019-02-11 16:50:25.666083, , rf>11, 5, 249827925, 323, 2, 3589, 11:2:19, 16:50:19.56, 0,  0.00000,    0.00000, 0, -87, 4.2, 1.473, 3, 164
2019-02-11 16:50:27.876303, , rf>12, 6, 338301824, 412, 2, 3030, 9:1:80, 21:58:9.368, 0,  0.00000,    0.00000, 0, -95, 4.2, 1.573, 3, 164
2019-02-11 16:50:30.589505, , rf>11, 6, 249831678, 698, 1, 4737, 11:2:19, 16:50:23.810, 0,  0.00000,    0.00000, 0, -86, 4.2, 1.392, 3, 164
2019-02-11 16:50:31.860001, , rf>12, 7, 338305018, 1009, 2, 3803, 9:1:80, 21:58:12.557, 0,  0.00000,    0.00000, 0, -93, 4.2, 1.138, 3, 164
2019-02-11 16:50:35.262248, , rf>11, 7, 249836579, 395, 1, 4524, 11:2:19, 16:50:28.714, 0,  0.00000,    0.00000, 0, -87, 4.2, 1.134, 3, 164
2019-02-11 16:50:35.478376, , rf>12, 8, 338308985, 413, 1, 3441, 9:1:80, 21:58:16.525, 0,  0.00000,    0.00000, 0, -96, 4.2, 1.299, 3, 164
2019-02-11 16:50:38.697019, , rf>11, 8, 249841267, 460, 1, 3276, 11:2:19, 16:50:33.395, 0,  0.00000,    0.00000, 0, -86, 4.2, 1.060, 3, 164
2019-02-11 16:50:43.210719, , rf>11, 9, 249844707, 449, 1, 4344, 11:2:19, 16:50:36.848, 0,  0.00000,    0.00000, 0, -101, 4.2, 1.089, 3, 164
2019-02-11 16:50:43.885896, , rf>12, 10, 338317769, 273, 1, 3076, 9:1:80, 21:58:23.312, 0,  0.00000,    0.00000, 0, -95, 4.2, 1.231, 3, 1506
2019-02-11 16:50:48.356085, , rf>11, 10, 249849215, 422, 1, 4981, 11:2:19, 16:50:41.356, 0,  0.00000,    0.00000, 0, -86, 4.2, 1.247, 3, 164
2019-02-11 16:50:49.014241, , rf>12, 11, 338321009, 471, 1, 4947, 9:1:80, 21:58:28.548, 0,  0.00000,    0.00000, 0, -95, 4.2, 1.105, 3, 164
2019-02-11 16:50:51.851166, , rf>11, 11, 249854360, 439, 1, 3317, 11:2:19, 16:50:46.501, 0,  0.00000,    0.00000, 0, -87, 4.2, 1.054, 3, 164
2019-02-11 16:50:53.716935, , rf>12, 12, 338326120, 291, 2, 4561, 9:1:80, 21:58:33.671, 0,  0.00000,    0.00000, 0, -97, 4.2, 1.196, 3, 164
2019-02-11 16:50:56.586916, , rf>11, 12, 249857841, 483, 1, 4552, 11:2:19, 16:50:49.994, 0,  0.00000,    0.00000, 0, -87, 4.2, 1.250, 3, 164
2019-02-11 16:50:57.683416, , rf>12, 13, 338330845, 714, 1, 3344, 9:1:80, 21:58:38.389, 0,  0.00000,    0.00000, 0, -96, 4.2, 1.228, 3, 164
2019-02-11 16:51:00.977281, , rf>12, 14, 338334791, 663, 1, 3145, 9:1:80, 21:58:41.345, 0,  0.00000,    0.00000, 0, -97, 4.2, 0.841, 3, 602
2019-02-11 16:51:01.274121, , rf>11, 13, 249862557, 514, 1, 4540, 11:2:19, 16:50:54.714, 0,  0.00000,    0.00000, 0, -87, 4.2, 1.092, 3, 164
2019-02-11 16:51:04.974669, , rf>12, 15, 338338100, 300, 1, 3456, 9:1:80, 21:58:45.657, 0,  0.00000,    0.00000, 0, -96, 4.2, 0.941, 3, 164
2019-02-11 16:51:05.165679, , rf>11, 14, 249867261, 453, 1, 3256, 11:2:19, 16:50:59.402, 0,  0.00000,    0.00000, 0, -86, 4.2, 1.018, 3, 164
2019-02-11 16:51:09.616815, , rf>12, 16, 338342074, 286, 1, 4488, 9:1:80, 21:58:49.635, 0,  0.00000,    0.00000, 0, -96, 4.2, 1.312, 3, 518
2019-02-11 16:51:10.307224, , rf>11, 15, 249871148, 461, 1, 4650, 11:2:19, 16:51:2.302, 0,  0.00000,    0.00000, 0, -86, 4.2, 1.096, 3, 631
2019-02-11 16:51:13.897435, , rf>12, 17, 338346726, 202, 1, 3759, 9:1:80, 21:58:54.298, 0,  0.00000,    0.00000, 0, -95, 4.2, 1.325, 3, 164
2019-02-11 16:51:14.978794, , rf>11, 16, 249876283, 452, 1, 4514, 11:2:19, 16:51:7.437, 0,  0.00000,    0.00000, 0, -101, 4.2, 1.463, 3, 485
2019-02-11 16:51:18.789095, , rf>12, 18, 338351005, -1, 0, 4718, 9:1:80, 21:58:58.934, 0,  0.00000,    0.00000, 0, -96, 4.2, 1.051, 3, 520
2019-02-11 16:51:19.305918, , rf>11, 17, 249880961, 339, 1, 4160, 11:2:19, 16:51:12.131, 0,  0.00000,    0.00000, 0, -101, 4.2, 1.160, 3, 164
2019-02-11 16:51:22.834640, , rf>12, 19, 338355887, -1, 0, 3891, 9:1:80, 21:59:3.625, 0,  0.00000,    0.00000, 0, -98, 4.2, 1.109, 3, 164
2019-02-11 16:51:23.131445, , rf>11, 18, 249885285, 378, 1, 3651, 11:2:19, 16:51:17.457, 0,  0.00000,    0.00000, 0, -86, 4.2, 0.938, 3, 164
2019-02-11 16:51:26.676121, , rf>12, 20, 338359942, 553, 2, 3680, 9:1:80, 21:59:7.513, 0,  0.00000,    0.00000, 0, -98, 4.2, 1.170, 3, 164
2019-02-11 16:51:28.072072, , rf>11, 19, 249889100, 405, 1, 4769, 11:2:19, 16:51:21.274, 0,  0.00000,    0.00000, 0, -87, 4.2, 0.938, 3, 164
2019-02-11 16:51:30.219867, , rf>12, 21, 338363786, 356, 1, 3357, 9:1:80, 21:59:11.359, 0,  0.00000,    0.00000, 0, -104, 4.2, 1.315, 3, 164
2019-02-11 16:51:31.789175, , rf>11, 20, 249894033, 277, 1, 3562, 11:2:19, 16:51:26.201, 0,  0.00000,    0.00000, 0, -86, 4.2, 1.015, 3, 164
2019-02-11 16:51:34.154792, , rf>12, 22, 338367307, 301, 1, 3771, 9:1:80, 21:59:14.874, 0,  0.00000,    0.00000, 0, -102, 4.2, 1.447, 3, 164
2019-02-11 16:51:35.707169, , rf>11, 21, 249897759, 295, 1, 3745, 11:2:19, 16:51:29.929, 0,  0.00000,    0.00000, 0, -87, 4.2, 1.141, 3, 164
2019-02-11 16:51:37.840391, , rf>12, 23, 338371242, 462, 1, 3528, 9:1:80, 21:59:18.812, 0,  0.00000,    0.00000, 0, -103, 4.2, 1.018, 3, 164
2019-02-11 16:51:39.111671, , rf>11, 22, 249901668, 305, 1, 3251, 11:2:19, 16:51:33.838, 0,  0.00000,    0.00000, 0, -88, 4.2, 1.038, 3, 164
2019-02-11 16:51:42.105284, , rf>12, 24, 338374934, 377, 1, 4099, 9:1:80, 21:59:22.507, 0,  0.00000,    0.00000, 0, -102, 4.2, 1.357, 3, 164
2019-02-11 16:51:43.202481, , rf>11, 23, 249905083, 291, 1, 3908, 11:2:19, 16:51:37.254, 0,  0.00000,    0.00000, 0, -87, 4.2, 0.902, 3, 164
2019-02-11 16:51:46.212715, , rf>12, 25, 338379197, 280, 1, 3943, 9:1:80, 21:59:26.791, 0,  0.00000,    0.00000, 0, -103, 4.2, 1.215, 3, 164
2019-02-11 16:51:47.404214, , rf>11, 24, 249909155, 497, 1, 4038, 11:2:19, 16:51:41.347, 0,  0.00000,    0.00000, 0, -85, 4.2, 1.025, 3, 164
2019-02-11 16:51:50.839763, , rf>12, 26, 338383304, 279, 2, 4463, 9:1:80, 21:59:30.883, 0,  0.00000,    0.00000, 0, -100, 4.2, 1.141, 3, 164
2019-02-11 16:51:51.512844, , rf>11, 25, 249913357, 283, 1, 3954, 11:2:19, 16:51:45.544, 0,  0.00000,    0.00000, 0, -88, 4.2, 1.060, 3, 164
2019-02-11 16:51:54.914777, , rf>12, 27, 338387931, 579, 1, 3887, 9:1:80, 21:59:35.522, 0,  0.00000,    0.00000, 0, -101, 4.2, 1.083, 3, 164
2019-02-11 16:51:55.887548, , rf>11, 26, 249917475, 423, 1, 4212, 11:2:19, 16:51:49.670, 0,  0.00000,    0.00000, 0, -86, 4.2, 1.154, 3, 164
2019-02-11 16:51:59.618124, , rf>12, 28, 338391982, 517, 2, 4547, 9:1:80, 21:59:39.575, 0,  0.00000,    0.00000, 0, -101, 4.2, 0.880, 3, 164
2019-02-11 16:51:59.995446, , rf>11, 27, 249921851, 433, 1, 3932, 11:2:19, 16:51:53.41, 0,  0.00000,    0.00000, 0, -85, 4.2, 1.254, 3, 164
2019-02-11 16:52:03.442705, , rf>11, 28, 249925947, 352, 1, 3265, 11:2:19, 16:51:57.127, 0,  0.00000,    0.00000, 0, -85, 4.2, 1.276, 3, 164
2019-02-11 16:52:04.042249, , rf>12, 29, 338396693, 568, 1, 4253, 9:1:80, 21:59:44.277, 0,  0.00000,    0.00000, 0, -101, 4.2, 1.350, 3, 164
2019-02-11 16:52:07.349452, , rf>12, 30, 338401110, 384, 1, 3141, 9:1:80, 21:59:48.697, 0,  0.00000,    0.00000, 0, -103, 4.2, 1.157, 3, 164
2019-02-11 16:52:08.541061, , rf>11, 29, 249929376, 361, 1, 4956, 11:2:19, 16:52:1.570, 0,  0.00000,    0.00000, 0, -86, 4.2, 1.321, 3, 164
2019-02-11 16:52:11.755673, , rf>12, 31, 338404415, 348, 1, 4232, 9:1:80, 21:59:51.15, 0,  0.00000,    0.00000, 0, -101, 4.2, 1.296, 3, 164
2019-02-11 16:52:11.944654, , rf>11, 30, 249934496, 234, 1, 3242, 11:2:19, 16:52:6.682, 0,  0.00000,    0.00000, 0, -85, 4.2, 1.373, 3, 164
2019-02-11 16:52:15.424764, , rf>11, 31, 249937902, 757, 1, 3300, 11:2:19, 16:52:9.99, 0,  0.00000,    0.00000, 0, -87, 4.2, 1.473, 3, 164
2019-02-11 16:52:15.646525, , rf>12, 32, 338408811, 294, 1, 3741, 9:1:80, 21:59:56.421, 0,  0.00000,    0.00000, 0, -104, 4.2, 1.312, 3, 164
2019-02-11 16:52:18.827305, , rf>11, 32, 249941366, 372, 1, 3221, 11:2:19, 16:52:13.566, 0,  0.00000,    0.00000, 0, -86, 4.2, 1.308, 3, 164
2019-02-11 16:52:20.474547, , rf>12, 33, 338412716, 1517, 1, 3842, 9:1:80, 22:0:0.328, 0,  0.00000,    0.00000, 0, -105, 4.2, 1.183, 3, 164
2019-02-11 16:52:22.088667, , rf>11, 33, 249944751, 710, 1, 3112, 11:2:19, 16:52:16.952, 0,  0.00000,    0.00000, 0, -87, 4.2, 1.447, 3, 164
2019-02-11 16:52:24.849212, , rf>12, 34, 338417537, 1226, 1, 4212, 9:1:80, 22:0:4.133, 0,  0.00000,    0.00000, 0, -106, 4.2, 1.173, 3, 979
2019-02-11 16:52:26.871614, , rf>11, 34, 249948027, 395, 1, 4619, 11:2:19, 16:52:20.230, 0,  0.00000,    0.00000, 0, -87, 4.2, 1.399, 3, 164
2019-02-11 16:52:29.269397, , rf>12, 35, 338421913, 1019, 1, 4244, 9:1:80, 22:0:9.523, 0,  0.00000,    0.00000, 0, -101, 4.2, 1.154, 3, 164
2019-02-11 16:52:31.950984, , rf>11, 35, 249952810, 338, 1, 4898, 11:2:19, 16:52:24.16, 0,  0.00000,    0.00000, 0, -87, 4.2, 1.515, 3, 164
2019-02-11 16:52:34.257243, , rf>12, 36, 338426321, 337, 1, 4838, 9:1:80, 22:0:13.933, 0,  0.00000,    0.00000, 0, -104, 4.2, 1.186, 3, 164
2019-02-11 16:52:36.075084, , rf>11, 36, 249957872, 303, 1, 3978, 11:2:19, 16:52:29.69, 0,  0.00000,    0.00000, 0, -88, 4.2, 1.447, 3, 164
2019-02-11 16:52:39.148439, , rf>12, 37, 338431323, 557, 1, 4706, 9:1:80, 22:0:18.252, 0,  0.00000,    0.00000, 0, -105, 4.2, 0.880, 3, 164
2019-02-11 16:52:40.559404, , rf>11, 37, 249962014, 359, 1, 4297, 11:2:19, 16:52:34.223, 0,  0.00000,    0.00000, 0, -87, 4.2, 1.460, 3, 164
2019-02-11 16:52:43.020770, , rf>12, 38, 338436193, 428, 1, 3705, 9:1:80, 22:0:23.799, 0,  0.00000,    0.00000, 0, -104, 4.2, 1.299, 3, 164
2019-02-11 16:52:44.794612, , rf>11, 38, 249966475, 1186, 1, 4081, 11:2:19, 16:52:38.677, 0,  0.00000,    0.00000, 0, -87, 4.2, 1.060, 3, 164
2019-02-11 16:52:46.267196, , rf>12, 39, 338440062, 582, 1, 3102, 9:1:80, 22:0:27.689, 0,  0.00000,    0.00000, 0, -104, 4.2, 1.273, 3, 164
2019-02-11 16:52:48.258250, , rf>11, 39, 249970720, 353, 1, 3286, 11:2:19, 16:52:42.924, 0,  0.00000,    0.00000, 0, -87, 4.2, 0.967, 3, 164
2019-02-11 16:52:50.280974, , rf>12, 40, 338443328, 641, 1, 3847, 9:1:80, 22:0:30.949, 0,  0.00000,    0.00000, 0, -104, 4.2, 1.237, 3, 164
2019-02-11 16:52:52.068654, , rf>11, 40, 249974170, 840, 1, 3647, 11:2:19, 16:52:46.392, 0,  0.00000,    0.00000, 0, -87, 4.2, 1.018, 3, 164
2019-02-11 16:52:54.375647, , rf>12, 41, 338447339, 1887, 1, 3931, 9:1:80, 22:0:34.962, 0,  0.00000,    0.00000, 0, -101, 4.2, 1.218, 3, 164
2019-02-11 16:52:56.439412, , rf>11, 41, 249977981, 411, 1, 4195, 11:2:19, 16:52:50.189, 0,  0.00000,    0.00000, 0, -87, 4.2, 1.196, 3, 164
2019-02-11 16:52:58.718268, , rf>12, 42, 338451434, 398, 1, 4156, 9:1:80, 22:0:38.59, 0,  0.00000,    0.00000, 0, -105, 4.2, 1.131, 3, 164
2019-02-11 16:53:01.539162, , rf>11, 42, 249982340, 284, 1, 4954, 11:2:19, 16:52:54.550, 0,  0.00000,    0.00000, 0, -87, 4.2, 1.076, 3, 164
2019-02-11 16:53:02.387196, , rf>12, 43, 338455754, 144, 1, 3527, 9:1:80, 22:0:43.389, 0,  0.00000,    0.00000, 0, -104, 4.2, 1.511, 3, 164
2019-02-11 16:53:05.412757, , rf>11, 43, 249987458, 236, 1, 3708, 11:2:19, 16:52:59.680, 0,  0.00000,    0.00000, 0, -87, 4.2, 1.202, 3, 164
2019-02-11 16:53:07.216228, , rf>12, 44, 338459445, 648, 1, 4646, 9:1:80, 22:0:46.73, 0,  0.00000,    0.00000, 0, -104, 4.2, 1.202, 3, 164
2019-02-11 16:53:08.639174, , rf>11, 44, 249991330, 925, 1, 3043, 11:2:19, 16:53:3.547, 0,  0.00000,    0.00000, 0, -85, 4.2, 1.170, 3, 164
2019-02-11 16:53:12.201519, , rf>12, 45, 338464255, 379, 1, 4806, 9:1:80, 22:0:51.876, 0,  0.00000,    0.00000, 0, -102, 4.2, 1.215, 3, 164
2019-02-11 16:53:12.986834, , rf>11, 45, 249994537, 687, 1, 4210, 11:2:19, 16:53:6.755, 0,  0.00000,    0.00000, 0, -85, 4.2, 1.096, 3, 164
2019-02-11 16:53:16.748728, , rf>12, 46, 338469225, 332, 1, 4405, 9:1:80, 22:0:56.858, 0,  0.00000,    0.00000, 0, -102, 4.2, 1.141, 3, 164
2019-02-11 16:53:17.972214, , rf>11, 46, 249998911, 636, 1, 4802, 11:2:19, 16:53:10.137, 0,  0.00000,    0.00000, 0, -86, 4.2, 1.131, 3, 164
2019-02-11 16:53:21.154768, , rf>11, 47, 250003877, 280, 1, 3030, 11:2:19, 16:53:15.100, 0,  0.00000,    0.00000, 0, -84, 4.2, 1.331, 3, 164
2019-02-11 16:53:21.688479, , rf>12, 47, 338473794, 580, 1, 4764, 9:1:80, 22:1:1.418, 0,  0.00000,    0.00000, 0, -101, 4.2, 1.157, 3, 164
2019-02-11 16:53:25.137984, , rf>11, 48, 250007071, 1721, 1, 3803, 11:2:19, 16:53:19.294, 0,  0.00000,    0.00000, 0, -86, 4.2, 1.408, 3, 164
2019-02-11 16:53:25.544131, , rf>12, 48, 338478722, 550, 1, 3694, 9:1:80, 22:1:6.359, 0,  0.00000,    0.00000, 0, -101, 4.2, 1.402, 3, 164
2019-02-11 16:53:28.979746, , rf>11, 49, 250011038, 1240, 1, 3681, 11:2:19, 16:53:23.270, 0,  0.00000,    0.00000, 0, -83, 4.2, 1.470, 3, 164
2019-02-11 16:53:29.323113, , rf>12, 49, 338482580, -1, 0, 3276, 9:1:80, 22:1:10.220, 0,  0.00000,    0.00000, 0, -106, 4.2, 1.041, 3, 164
2019-02-11 16:53:33.005157, , rf>12, 50, 338486351, -1, 0, 3519, 9:1:80, 22:1:13.0, 0,  0.00000,    0.00000, 0, -106, 4.2, 1.067, 3, 495
2019-02-11 16:53:33.166123, , rf>11, 50, 250014883, -1, 0, 4032, 11:2:19, 16:53:26.117, 0,  0.00000,    0.00000, 0, -86, 4.2, 1.212, 3, 164
2019-02-11 16:53:36.489506, , rf>11, 51, 250019079, 383, 1, 3159, 11:2:19, 16:53:31.315, 0,  0.00000,    0.00000, 0, -86, 4.2, 1.196, 3, 164
2019-02-11 16:53:38.103701, , rf>12, 51, 338490034, -1, 0, 4925, 9:1:80, 22:1:17.948, 0,  0.00000,    0.00000, 0, -95, 4.2, 1.109, 3, 164
2019-02-11 16:53:39.904976, , rf>11, 52, 250022402, 419, 1, 3222, 11:2:19, 16:53:34.642, 0,  0.00000,    0.00000, 0, -88, 4.2, 1.134, 3, 164
2019-02-11 16:53:42.021829, , rf>12, 52, 338495123, 303, 1, 3753, 9:1:80, 22:1:22.770, 0,  0.00000,    0.00000, 0, -96, 4.2, 1.063, 3, 164
2019-02-11 16:53:44.879427, , rf>11, 53, 250025788, 643, 1, 4815, 11:2:19, 16:53:37.30, 0,  0.00000,    0.00000, 0, -87, 4.2, 1.163, 3, 164
2019-02-11 16:53:47.027190, , rf>12, 53, 338499040, 322, 2, 4853, 9:1:80, 22:1:26.689, 0,  0.00000,    0.00000, 0, -93, 4.2, 0.993, 3, 164
2019-02-11 16:53:49.989365, , rf>11, 54, 250030767, 283, 1, 4947, 11:2:19, 16:53:42.2, 0,  0.00000,    0.00000, 0, -87, 4.2, 1.540, 3, 164
2019-02-11 16:53:51.918639, , rf>12, 54, 338504057, 542, 1, 4726, 9:1:80, 22:1:31.697, 0,  0.00000,    0.00000, 0, -95, 4.2, 1.325, 3, 164
2019-02-11 16:53:54.738681, , rf>11, 55, 250035878, 252, 2, 4561, 11:2:19, 16:53:47.117, 0,  0.00000,    0.00000, 0, -87, 4.2, 1.186, 3, 164
2019-02-11 16:53:55.572139, , rf>12, 55, 338508947, 914, 1, 3493, 9:1:80, 22:1:36.600, 0,  0.00000,    0.00000, 0, -96, 4.2, 1.147, 3, 164
2019-02-11 16:53:58.222368, , rf>11, 56, 250040603, 400, 1, 3344, 11:2:19, 16:53:52.851, 0,  0.00000,    0.00000, 0, -86, 4.2, 1.350, 3, 164
2019-02-11 16:54:00.525804, , rf>12, 56, 338512604, 1130, 1, 4787, 9:1:80, 22:1:40.259, 0,  0.00000,    0.00000, 0, -97, 4.2, 1.128, 3, 164
2019-02-11 16:54:02.016008, , rf>11, 57, 250044111, 447, 1, 3619, 11:2:19, 16:53:56.361, 0,  0.00000,    0.00000, 0, -87, 4.2, 1.431, 3, 164
2019-02-11 16:54:03.976839, , rf>12, 57, 338517555, 305, 1, 3245, 9:1:80, 22:1:45.202, 0,  0.00000,    0.00000, 0, -97, 4.2, 1.186, 3, 164
2019-02-11 16:54:05.420952, , rf>11, 58, 250047894, 302, 1, 3232, 11:2:19, 16:53:59.138, 0,  0.00000,    0.00000, 0, -87, 4.2, 1.366, 3, 164
2019-02-11 16:54:07.316208, , rf>12, 58, 338520964, 355, 1, 3198, 9:1:80, 22:1:48.623, 0,  0.00000,    0.00000, 0, -96, 4.2, 1.160, 3, 164
2019-02-11 16:54:10.155376, , rf>11, 59, 250051290, 375, 1, 4596, 11:2:19, 16:54:3.537, 0,  0.00000,    0.00000, 0, -102, 4.2, 1.366, 3, 164
2019-02-11 16:54:11.000926, , rf>12, 5
2019-02-11 16:54:14.701650, , rf>11, 60, 250056050, 333, 1, 4344, 11:2:19, 16:54:8.309, 0,  0.00000,    0.00000, 0, -86, 4.2, 1.025, 3, 164
2019-02-11 16:54:15.735758, , rf>12, 60, 338527996, 484, 1, 4564, 9:1:80, 22:1:55.667, 0,  0.00000,    0.00000, 0, -97, 4.2, 1.096, 3, 477
2019-02-11 16:54:18.433989, , rf>11, 61, 250060558, 409, 1, 3580, 11:2:19, 16:54:12.820, 0,  0.00000,    0.00000, 0, -86, 4.2, 1.125, 3, 164
2019-02-11 16:54:19.234392, , rf>12, 61, 338532724, 648, 1, 3342, 9:1:80, 22:2:0.390, 0,  0.00000,    0.00000, 0, -95, 4.2, 1.263, 3, 164
2019-02-11 16:54:22.965640, , rf>12, 62, 338536230, 354, 2, 3569, 9:1:80, 22:2:3.906, 0,  0.00000,    0.00000, 0, -95, 4.2, 1.067, 3, 164
2019-02-11 16:54:23.324927, , rf>11, 62, 250064302, 332, 1, 4718, 11:2:19, 16:54:16.566, 0,  0.00000,    0.00000, 0, -87, 4.2, 1.131, 3, 164
2019-02-11 16:54:26.382863, , rf>12, 63, 338539963, 340, 2, 3251, 9:1:80, 22:2:7.622, 0,  0.00000,    0.00000, 0, -93, 4.2, 1.063, 3, 164
2019-02-11 16:54:26.651305, , rf>11, 63, 250069184, 329, 1, 3178, 11:2:19, 16:54:21.751, 0,  0.00000,    0.00000, 0, -86, 4.2, 0.000, 3, 164
2019-02-11 16:54:30.680095, , rf>11, 64, 250072526, 492, 1, 3868, 11:2:19, 16:54:24.787, 0,  0.00000,    0.00000, 0, -87, 4.2, 1.341, 3, 164
2019-02-11 16:54:31.024769, , rf>12, 64, 338543378, 347, 1, 4493, 9:1:80, 22:2:10.48, 0,  0.00000,    0.00000, 0, -95, 4.2, 1.192, 3, 164
2019-02-11 16:54:34.553067, , rf>12, 65, 338548035, 597, 1, 3353, 9:1:80, 22:2:15.97, 0,  0.00000,    0.00000, 0, -95, 4.2, 0.993, 3, 164
2019-02-11 16:54:34.943605, , rf>11, 65, 250076558, 332, 1, 4079, 11:2:19, 16:54:28.821, 0,  0.00000,    0.00000, 0, -87, 4.2, 1.524, 3, 164
2019-02-11 16:54:38.660066, , rf>11, 66, 250080801, 536, 1, 3546, 11:2:19, 16:54:32.68, 0,  0.00000,    0.00000, 0, -88, 4.2, 1.096, 3, 164
2019-02-11 16:54:39.005523, , rf>12, 66, 338551552, 363, 1, 4292, 9:1:80, 22:2:19.235, 0,  0.00000,    0.00000, 0, -95, 4.2, 1.173, 3, 164
2019-02-11 16:54:42.047194, , rf>11, 67, 250084511, -1, 0, 3219, 11:2:19, 16:54:36.790, 0,  0.00000,    0.00000, 0, -87, 4.2, 1.189, 3, 164
2019-02-11 16:54:43.348580, , rf>12, 67, 338556008, -1, 0, 4149, 9:1:80, 22:2:23.694, 0,  0.00000,    0.00000, 0, -95, 4.2, 1.080, 3, 164
2019-02-11 16:54:45.733922, , rf>11, 68, 250087894, -1, 0, 3528, 11:2:19, 16:54:39.175, 0,  0.00000,    0.00000, 0, -86, 4.2, 1.112, 3, 164
2019-02-11 16:54:47.565827, , rf>12, 68, 338560321, 2632, 1, 4081, 9:1:80, 22:2:27.402, 0,  0.00000,    0.00000, 0, -95, 4.2, 1.092, 3, 164
2019-02-11 16:54:50.609881, , rf>11, 69, 250091586, 341, 1, 4713, 11:2:19, 16:54:43.870, 0,  0.00000,    0.00000, 0, -87, 4.2, 1.154, 3, 164
2019-02-11 16:54:51.847069, , rf>12, 69, 338564566, -1, 0, 4117, 9:1:80, 22:2:32.248, 0,  0.00000,    0.00000, 0, -95, 4.2, 1.028, 3, 164
2019-02-11 16:54:54.875003, , rf>11, 70, 250096463, 228, 1, 4095, 11:2:19, 16:54:48.739, 0,  0.00000,    0.00000, 0, -103, 4.2, 1.009, 3, 164
2019-02-11 16:54:56.473353, , rf>12, 70, 338568847, -1, 0, 4446, 9:1:80, 22:2:36.770, 0,  0.00000,    0.00000, 0, -95, 4.2, 0.989, 3, 164
2019-02-11 16:55:00.219937, , rf>11, 71, 250100722, 406, 1, 4341, 11:2:19, 16:54:52.999, 0,  0.00000,    0.00000, 0, -88, 4.2, 1.144, 3, 164
2019-02-11 16:55:00.894697, , rf>12, 71, 338573457, -1, 0, 4266, 9:1:80, 22:2:40.725, 0,  0.00000,    0.00000, 0, -95, 4.2, 1.018, 3, 164
2019-02-11 16:55:03.904802, , rf>11, 72, 250105227, 317, 1, 4364, 11:2:19, 16:54:57.517, 0,  0.00000,    0.00000, 0, -89, 4.2, 1.473, 3, 164
2019-02-11 16:55:05.095080, , rf>12, 72, 338577887, 477, 2, 4026, 9:1:80, 22:2:45.568, 0,  0.00000,    0.00000, 0, -95, 4.2, 0.996, 3, 164
2019-02-11 16:55:08.217129, , rf>11, 73, 250109755, 442, 1, 4155, 11:2:19, 16:55:1.47, 0,  0.00000,    0.00000, 0, -89, 4.2, 1.147, 3, 164
2019-02-11 16:55:09.126412, , rf>12, 73, 338582077, -1, 0, 3858, 9:1:80, 22:2:49.996, 0,  0.00000,    0.00000, 0, -96, 4.2, 1.038, 3, 164
2019-02-11 16:55:12.670756, , rf>11, 74, 250114074, 268, 1, 4281, 11:2:19, 16:55:6.368, 0,  0.00000,    0.00000, 0, -87, 4.2, 0.877, 3, 164
2019-02-11 16:55:14.190357, , rf>12, 74, 338586099, -1, 0, 4886, 9:1:80, 22:2:53.508, 0,  0.00000,    0.00000, 0, -93, 4.2, 1.022, 3, 164
2019-02-11 16:55:16.871651, , rf>11, 75, 250118519, 340, 1, 4034, 11:2:19, 16:55:10.814, 0,  0.00000,    0.00000, 0, -87, 4.2, 1.131, 3, 164
2019-02-11 16:55:18.598421, , rf>12, 75, 338591149, -1, 0, 4268, 9:1:80, 22:2:58.849, 0,  0.00000,    0.00000, 0, -93, 4.2, 1.092, 3, 164
2019-02-11 16:55:21.873747, , rf>11, 76, 250122717, 470, 1, 4837, 11:2:19, 16:55:14.15, 0,  0.00000,    0.00000, 0, -86, 4.2, 1.173, 3, 164
2019-02-11 16:55:23.301868, , rf>12, 76, 338595581, -1, 0, 4527, 9:1:80, 22:3:3.275, 0,  0.00000,    0.00000, 0, -95, 4.2, 1.031, 3, 164
2019-02-11 16:55:26.217594, , rf>11, 77, 250127718, 687, 1, 4175, 11:2:19, 16:55:19.8, 0,  0.00000,    0.00000, 0, -87, 4.2, 1.083, 3, 164
2019-02-11 16:55:27.236499, , rf>12, 77, 338600272, 703, 1, 3771, 9:1:80, 22:3:7.969, 0,  0.00000,    0.00000, 0, -95, 4.2, 1.012, 3, 164
2019-02-11 16:55:30.718647, , rf>11, 78, 250132057, 519, 1, 4341, 11:2:19, 16:55:24.359, 0,  0.00000,    0.00000, 0, -86, 4.2, 0.999, 3, 164
2019-02-11 16:55:32.066638, , rf>12, 78, 338604207, 741, 1, 4655, 9:1:80, 22:3:11.907, 0,  0.00000,    0.00000, 0, -101, 4.2, 1.138, 3, 164
2019-02-11 16:55:35.202748, , rf>11, 79, 250136562, 680, 1, 4292, 11:2:19, 16:55:28.865, 0,  0.00000,    0.00000, 0, -89, 4.2, 1.121, 3, 164
