2019-02-12 20:07:08.660597,  , rf>11, 1, 348027899, 779, 1, 4199, 12:2:19, 20:7:2.589, 0,  0.00000,    0.00000, 0, -111, 4.1, 0.168, 3, 680751
2019-02-12 20:07:09.363972,  , rf>12, 1, 436498574, 992, 1, 4866, 11:1:80, 1:14:48.701, 0,  0.00000,    0.00000, 0, -82, 4.2, 1.028, 3, 681261
2019-02-12 20:07:13.034566,  , rf>11, 2, 348032262, 306, 1, 4200, 12:2:19, 20:7:6.609, 0,  0.00000,    0.00000, 0, -109, 4.1, 0.148, 3, 164
2019-02-12 20:07:13.171515,  , rf>12, 2, 436503604, -1, 0, 3647, 11:1:80, 1:14:53.740, 0,  0.00000,    0.00000, 0, -79, 4.2, 0.857, 3, 164
2019-02-12 20:07:16.704212,  , rf>11, 3, 348036626, 424, 1, 3505, 12:2:19, 20:7:10.369, 0,  0.00000,    0.00000, 0, -109, 4.1, 0.000, 3, 164
2019-02-12 20:07:17.146643,  , rf>12, 3, 436507415, -1, 0, 3810, 11:1:80, 1:14:57.552, 0,  0.00000,    0.00000, 0, -81, 4.2, 1.131, 3, 164
2019-02-12 20:07:20.917782,  , rf>11, 4, 348040294, 566, 1, 4059, 12:2:19, 20:7:14.648, 0,  0.00000,    0.00000, 0, -109, 4.1, 0.258, 3, 163
2019-02-12 20:07:21.501908,  , rf>12, 4, 436511389, 2311, 1, 4197, 11:1:80, 1:15:1.528, 0,  0.00000,    0.00000, 0, -82, 4.2, 1.299, 3, 164
2019-02-12 20:07:24.857706,  , rf>11, 5, 348044517, 280, 1, 3765, 12:2:19, 20:7:18.858, 0,  0.00000,    0.00000, 0, -108, 4.1, 1.196, 3, 164
2019-02-12 20:07:26.519385,  , rf>12, 5, 436515750, 4110, 1, 4850, 11:1:80, 1:15:5.890, 0,  0.00000,    0.00000, 0, -82, 4.2, 1.083, 3, 164
2019-02-12 20:07:29.395592,  , rf>11, 6, 348048446, 207, 1, 4368, 12:2:19, 20:7:22.797, 0,  0.00000,    0.00000, 0, -109, 4.1, 1.598, 3, 164
2019-02-12 20:07:31.160739,  , rf>12, 6
2019-02-12 20:07:33.672601,  , rf>11, 7, 348052978, 437, 1, 4117, 12:2:19, 20:7:27.322, 0,  0.00000,    0.00000, 0, -107, 4.1, 0.970, 3, 164
2019-02-12 20:07:35.523705,  , rf>12, 7, 436525416, 1944, 1, 4173, 11:1:80, 1:15:15.558, 0,  0.00000,    0.00000, 0, -83, 4.2, 0.967, 3, 164
2019-02-12 20:07:37.409858,  , rf>11, 8, 348057259, 345, 1, 3578, 12:2:19, 20:7:31.605, 0,  0.00000,    0.00000, 0, -112, 4.1, 1.086, 3, 164
2019-02-12 20:07:39.461087,  , rf>12, 8, 436529753, -1, 0, 3790, 11:1:80, 1:15:19.897, 0,  0.00000,    0.00000, 0, -83, 4.2, 1.199, 3, 164
2019-02-12 20:07:41.120505,  , rf>11, 9, 348061001, 269, 1, 3552, 12:2:19, 20:7:35.361, 0,  0.00000,    0.00000, 0, -112, 4.1, 0.309, 3, 164
2019-02-12 20:07:42.887160,  , rf>12, 9, 436533707, -1, 0, 3261, 11:1:80, 1:15:23.851, 0,  0.00000,    0.00000, 0, -80, 4.2, 1.221, 3, 164
2019-02-12 20:07:44.864168,  , rf>11, 10, 348064717, 335, 1, 3581, 12:2:19, 20:7:38.74, 0,  0.00000,    0.00000, 0, -112, 4.1, 0.258, 3, 164
2019-02-12 20:07:47.212363,  , rf>12, 10, 436537132, 2828, 1, 4150, 11:1:80, 1:15:27.277, 0,  0.00000,    0.00000, 0, -83, 4.2, 1.009, 3, 164
2019-02-12 20:07:48.492295,  , rf>11, 11, 348068462, 265, 1, 3456, 12:2:19, 20:7:42.818, 0,  0.00000,    0.00000, 0, -112, 4.1, 0.177, 3, 164
2019-02-12 20:07:51.328764,  , rf>12, 11, 436541446, -1, 0, 3963, 11:1:80, 1:15:31.593, 0,  0.00000,    0.00000, 0, -83, 4.2, 1.073, 3, 164
2019-02-12 20:07:52.650047,  , rf>11, 12, 348072082, 349, 1, 3999, 12:2:19, 20:7:46.442, 0,  0.00000,    0.00000, 0, -111, 4.1, 0.148, 3, 164
2019-02-12 20:07:55.323417,  , rf>12, 12, 436545573, -1, 0, 3826, 11:1:80, 1:15:35.719, 0,  0.00000,    0.00000, 0, -83, 4.2, 1.283, 3, 164
2019-02-12 20:07:55.937398,  , rf>11, 13, 348076245, 211, 1, 3112, 12:2:19, 20:7:50.590, 0,  0.00000,    0.00000, 0, -111, 4.1, 1.328, 3, 164
2019-02-12 20:07:58.503210,  , rf>12, 13, 436549563, -1, 0, 3020, 11:1:80, 1:15:39.712, 0,  0.00000,    0.00000, 0, -82, 4.2, 1.060, 3, 164
2019-02-12 20:07:59.937153,  , rf>11, 14, 348079521, 476, 1, 3830, 12:2:19, 20:7:53.874, 0,  0.00000,    0.00000, 0, -111, 4.1, 1.118, 3, 164
2019-02-12 20:08:02.228519,  , rf>12, 14, 436552747, -1, 0, 3555, 11:1:80, 1:15:42.886, 0,  0.00000,    0.00000, 0, -83, 4.2, 1.296, 3, 164
2019-02-12 20:08:04.308991,  , rf>11, 15, 348083515, 334, 1, 4221, 12:2:19, 20:7:57.877, 0,  0.00000,    0.00000, 0, -111, 4.1, 1.128, 3, 164
2019-02-12 20:08:05.634634,  , rf>12, 15, 436556466, 146, 1, 3230, 11:1:80, 1:15:46.606, 0,  0.00000,    0.00000, 0, -83, 4.2, 1.569, 3, 164
2019-02-12 20:08:08.067936,  , rf>11, 16, 348087900, 232, 1, 3596, 12:2:19, 20:8:2.264, 0,  0.00000,    0.00000, 0, -111, 4.1, 0.732, 3, 164
2019-02-12 20:08:09.134411,  , rf>12, 16, 436559860, 341, 1, 3355, 11:1:80, 1:15:49.11, 0,  0.00000,    0.00000, 0, -84, 4.2, 1.250, 3, 164
2019-02-12 20:08:12.261340,  , rf>11, 17, 348091660, 248, 1, 4039, 12:2:19, 20:8:5.24, 0,  0.00000,    0.00000, 0, -111, 4.1, 1.276, 3, 164
2019-02-12 20:08:13.350238,  , rf>12, 17, 436563379, -1, 0, 4031, 11:1:80, 1:15:53.531, 0,  0.00000,    0.00000, 0, -83, 4.2, 1.128, 3, 164
2019-02-12 20:08:15.974565,  , rf>11, 18, 348095863, 540, 1, 3525, 12:2:19, 20:8:10.228, 0,  0.00000,    0.00000, 0, -112, 4.1, 0.838, 3, 164
2019-02-12 20:08:17.193821,  , rf>12, 18, 436567574, -1, 0, 3675, 11:1:80, 1:15:57.728, 0,  0.00000,    0.00000, 0, -80, 4.2, 1.267, 3, 164
2019-02-12 20:08:20.721275,  , rf>12, 19, 436571413, 764, 1, 3364, 11:1:80, 1:16:1.568, 0,  0.00000,    0.00000, 0, -82, 4.2, 1.089, 3, 164
2019-02-12 20:08:21.035093,  , rf>11, 19, 348099552, 315, 1, 4901, 12:2:19, 20:8:13.910, 0,  0.00000,    0.00000, 0, -109, 4.1, 0.493, 3, 164
2019-02-12 20:08:24.567318,  , rf>12, 20, 436574941, 453, 1, 3692, 11:1:80, 1:16:4.105, 0,  0.00000,    0.00000, 0, -83, 4.2, 0.883, 3, 164
2019-02-12 20:08:25.489433,  , rf>11, 20, 348104617, 609, 1, 4279, 12:2:19, 20:8:18.975, 0,  0.00000,    0.00000, 0, -112, 4.1, 0.435, 3, 164
2019-02-12 20:08:29.442951,  , rf>12, 21, 436578797, 943, 1, 4707, 11:1:80, 1:16:8.954, 0,  0.00000,    0.00000, 0, -83, 4.2, 1.392, 3, 164
2019-02-12 20:08:30.314998,  , rf>11, 21, 348109060, 231, 1, 4662, 12:2:19, 20:8:23.420, 0,  0.00000,    0.00000, 0, -112, 4.1, 0.706, 3, 164
2019-02-12 20:08:33.560178,  , rf>12, 22, 436583668, 685, 1, 3961, 11:1:80, 1:16:13.815, 0,  0.00000,    0.00000, 0, -83, 4.2, 1.366, 3, 164
2019-02-12 20:08:34.868465,  , rf>11, 22, 348113886, 476, 1, 4400, 12:2:19, 20:8:28.260, 0,  0.00000,    0.00000, 0, -106, 4.1, 0.851, 3, 164
2019-02-12 20:08:37.165915,  , rf>12, 23, 436587793, 2618, 1, 3434, 11:1:80, 1:16:17.961, 0,  0.00000,    0.00000, 0, -83, 4.2, 1.234, 3, 164
2019-02-12 20:08:39.642647,  , rf>11, 23, 348118450, 255, 1, 4611, 12:2:19, 20:8:32.815, 0,  0.00000,    0.00000, 0, -107, 4.1, 1.405, 3, 164
2019-02-12 20:08:40.769458,  , rf>12, 24, 436591391, 1968, 1, 3437, 11:1:80, 1:16:21.541, 0,  0.00000,    0.00000, 0, -84, 4.2, 1.005, 3, 164
2019-02-12 20:08:44.988496,  , rf>11, 24, 348123225, 240, 1, 4810, 12:2:19, 20:8:37.596, 0,  0.00000,    0.00000, 0, -112, 4.1, 0.751, 3, 164
2019-02-12 20:08:45.128659,  , rf>12, 25, 436594992, 608, 2, 3765, 11:1:80, 1:16:24.153, 0,  0.00000,    0.00000, 0, -82, 4.2, 1.305, 3, 164
2019-02-12 20:08:48.728485,  , rf>11, 25, 348128570, 646, 1, 3581, 12:2:19, 20:8:42.336, 0,  0.00000,    0.00000, 0, -113, 4.1, 1.421, 3, 535
2019-02-12 20:08:50.176951,  , rf>12, 26, 436599345, 2241, 1, 4896, 11:1:80, 1:16:28.506, 0,  0.00000,    0.00000, 0, -83, 4.2, 1.360, 3, 588
2019-02-12 20:08:52.714319,  , rf>11, 26, 348132315, 430, 1, 3810, 12:2:19, 20:8:46.690, 0,  0.00000,    0.00000, 0, -111, 4.1, 0.899, 3, 164
2019-02-12 20:08:54.107161,  , rf>12, 27, 436604405, 675, 1, 3754, 11:1:80, 1:16:34.569, 0,  0.00000,    0.00000, 0, -82, 4.2, 1.034, 3, 164
2019-02-12 20:08:57.361220,  , rf>11, 27, 348136289, 3422, 1, 4472, 12:2:19, 20:8:50.664, 0,  0.00000,    0.00000, 0, -111, 4.1, 0.828, 3, 164
2019-02-12 20:08:57.925113,  , rf>12, 28, 436608323, 582, 1, 3188, 11:1:80, 1:16:38.488, 0,  0.00000,    0.00000, 0, -83, 4.2, 1.231, 3, 164
2019-02-12 20:09:01.311781,  , rf>11, 28, 348140925, 538, 1, 3812, 12:2:19, 20:8:55.524, 0,  0.00000,    0.00000, 0, -111, 4.1, 0.970, 3, 164
2019-02-12 20:09:02.736724,  , rf>12, 29, 436612136, 2319, 1, 4676, 11:1:80, 1:16:41.292, 0,  0.00000,    0.00000, 0, -81, 4.2, 1.109, 3, 625
2019-02-12 20:09:06.113236,  , rf>12, 30, 436616976, -1, 0, 3204, 11:1:80, 1:16:46.145, 0,  0.00000,    0.00000, 0, -84, 4.2, 1.015, 3, 164
2019-02-12 20:09:06.391314,  , rf>11, 29, 348144901, 582, 1, 4912, 12:2:19, 20:8:59.277, 0,  0.00000,    0.00000, 0, -112, 4.1, 0.261, 3, 164
2019-02-12 20:09:10.693612,  , rf>11, 30, 348149977, 300, 1, 4113, 12:2:19, 20:9:4.359, 0,  0.00000,    0.00000, 0, -112, 4.1, 0.748, 3, 164
2019-02-12 20:09:10.811630,  , rf>12, 31, 436620344, 732, 1, 4521, 11:1:80, 1:16:50.513, 0,  0.00000,    0.00000, 0, -82, 4.2, 1.070, 3, 164
2019-02-12 20:09:14.104895,  , rf>11, 31, 348154254, 375, 1, 3261, 12:2:19, 20:9:8.951, 0,  0.00000,    0.00000, 0, -112, 4.1, 0.000, 3, 164
2019-02-12 20:09:15.721874,  , rf>12, 32, 436625029, 881, 1, 4732, 11:1:80, 1:16:55.189, 0,  0.00000,    0.00000, 0, -80, 4.2, 1.141, 3, 164
2019-02-12 20:09:17.559520,  , rf>11, 32, 348157678, 642, 1, 3278, 12:2:19, 20:9:11.57, 0,  0.00000,    0.00000, 0, -111, 4.1, 0.306, 3, 163
2019-02-12 20:09:19.682357,  , rf>12, 33, 436629925, 1506, 1, 3810, 11:1:80, 1:16:59.105, 0,  0.00000,    0.00000, 0, -83, 4.2, 1.479, 3, 164
2019-02-12 20:09:22.310423,  , rf>11, 33, 348161120, 376, 2, 4575, 12:2:19, 20:9:15.478, 0,  0.00000,    0.00000, 0, -112, 4.1, 0.316, 3, 164
2019-02-12 20:09:24.262341,  , rf>12, 34, 436633899, 1979, 1, 4418, 11:1:80, 1:17:3.61, 0,  0.00000,    0.00000, 0, -82, 4.2, 1.144, 3, 164
2019-02-12 20:09:25.473646,  , rf>11, 34, 348165859, 399, 1, 3020, 12:2:19, 20:9:20.241, 0,  0.00000,    0.00000, 0, -112, 4.1, 0.325, 3, 164
2019-02-12 20:09:29.263602,  , rf>12, 35, 436638481, 355, 2, 4842, 11:1:80, 1:17:8.654, 0,  0.00000,    0.00000, 0, -83, 4.2, 0.970, 3, 164
2019-02-12 20:09:29.909504,  , rf>11, 35, 348169043, 606, 1, 4266, 12:2:19, 20:9:23.430, 0,  0.00000,    0.00000, 0, -109, 4.1, 0.122, 3, 164
2019-02-12 20:09:33.452422,  , rf>12, 36, 436643487, 712, 1, 4003, 11:1:80, 1:17:13.651, 0,  0.00000,    0.00000, 0, -83, 4.2, 0.870, 3, 164
2019-02-12 20:09:33.726993,  , rf>11, 36, 348173473, 256, 1, 3649, 12:2:19, 20:9:27.840, 0,  0.00000,    0.00000, 0, -111, 4.1, 0.335, 3, 164
2019-02-12 20:09:37.980423,  , rf>11, 37, 348177286, 328, 1, 4094, 12:2:19, 20:9:31.670, 0,  0.00000,    0.00000, 0, -113, 4.1, 1.121, 3, 164
2019-02-12 20:09:38.557081,  , rf>12, 37, 436647654, 490, 2, 4939, 11:1:80, 1:17:17.839, 0,  0.00000,    0.00000, 0, -82, 4.2, 0.896, 3, 164
2019-02-12 20:09:41.839459,  , rf>11, 38, 348181544, 284, 1, 3682, 12:2:19, 20:9:35.929, 0,  0.00000,    0.00000, 0, -112, 4.1, 1.383, 3, 164
2019-02-12 20:09:43.024008,  , rf>12, 38, 436652757, 1228, 2, 4303, 11:1:80, 1:17:22.934, 0,  0.00000,    0.00000, 0, -82, 4.2, 1.060, 3, 164
2019-02-12 20:09:45.368629,  , rf>11, 39, 348185390, 440, 1, 3364, 12:2:19, 20:9:39.759, 0,  0.00000,    0.00000, 0, -113, 4.1, 0.751, 3, 164
2019-02-12 20:09:48.117703,  , rf>12, 39, 436657224, 530, 1, 4941, 11:1:80, 1:17:27.410, 0,  0.00000,    0.00000, 0, -83, 4.2, 1.173, 3, 164
2019-02-12 20:09:49.233827,  , rf>11, 40, 348188918, 433, 1, 3692, 12:2:19, 20:9:43.288, 0,  0.00000,    0.00000, 0, -112, 4.1, 0.996, 3, 164
2019-02-12 20:09:53.252732,  , rf>12, 40, 436662329, 2919, 1, 4969, 11:1:80, 1:17:32.508, 0,  0.00000,    0.00000, 0, -81, 4.2, 0.989, 3, 164
2019-02-12 20:09:54.866303,  , rf>11, 41, 348192774, 463, 1, 4707, 12:2:19, 20:9:46.155, 0,  0.00000,    0.00000, 0, -113, 4.1, 1.254, 3, 164
2019-02-12 20:09:57.183109,  , rf>12, 41, 436667462, 714, 1, 3765, 11:1:80, 1:17:37.650, 0,  0.00000,    0.00000, 0, -83, 4.2, 1.022, 3, 164
2019-02-12 20:09:58.123931,  , rf>11, 42, 348198411, 267, 1, 3093, 12:2:19, 20:9:51.777, 0,  0.00000,    0.00000, 0, -111, 4.1, 0.873, 3, 930
2019-02-12 20:10:00.656345,  , rf>12, 42, 436671391, 465, 1, 3308, 11:1:80, 1:17:41.561, 0,  0.00000,    0.00000, 0, -83, 4.2, 1.031, 3, 164
2019-02-12 20:10:02.522236,  , rf>11, 43, 348201668, 427, 1, 4248, 12:2:19, 20:9:55.42, 0,  0.00000,    0.00000, 0, -111, 4.1, 0.142, 3, 164
2019-02-12 20:10:05.129040,  , rf>12, 43, 436674863, 829, 1, 4299, 11:1:80, 1:17:44.44, 0,  0.00000,    0.00000, 0, -83, 4.2, 0.915, 3, 164
2019-02-12 20:10:06.915169,  , rf>11, 44, 348206080, 668, 1, 4227, 12:2:19, 20:10:0.471, 0,  0.00000,    0.00000, 0, -113, 4.1, 0.761, 3, 164
2019-02-12 20:10:08.456393,  , rf>12, 44, 436679326, 1271, 1, 3171, 11:1:80, 1:17:49.518, 0,  0.00000,    0.00000, 0, -83, 4.2, 1.341, 3, 164
2019-02-12 20:10:11.433370,  , rf>11, 45, 348210471, 529, 1, 4350, 12:2:19, 20:10:4.859, 0,  0.00000,    0.00000, 0, -112, 4.1, 0.332, 3, 164
2019-02-12 20:10:13.384453,  , rf>12, 45, 436682661, -1, 0, 4750, 11:1:80, 1:17:52.845, 0,  0.00000,    0.00000, 0, -83, 4.2, 1.167, 3, 164
2019-02-12 20:10:14.642815,  , rf>11, 46, 348214985, 271, 1, 3040, 12:2:19, 20:10:9.374, 0,  0.00000,    0.00000, 0, -107, 4.1, 0.322, 3, 164
2019-02-12 20:10:16.791648,  , rf>12, 46, 436687575, 1060, 1, 3248, 11:1:80, 1:17:57.769, 0,  0.00000,    0.00000, 0, -83, 4.2, 0.986, 3, 164
2019-02-12 20:10:18.306689,  , rf>11, 47, 348218189, 633, 1, 3491, 12:2:19, 20:10:12.579, 0,  0.00000,    0.00000, 0, -111, 4.1, 0.886, 3, 164
2019-02-12 20:10:21.553112,  , rf>12, 47, 436690987, 2002, 1, 4608, 11:1:80, 1:18:0.173, 0,  0.00000,    0.00000, 0, -82, 4.2, 0.960, 3, 164
2019-02-12 20:10:23.783513,  , rf>11, 48, 348221844, 489, 2, 4523, 12:2:19, 20:10:16.243, 0,  0.00000,    0.00000, 0, -111, 4.1, 0.338, 3, 164
2019-02-12 20:10:25.995468,  , rf>12, 48, 436695759, 1341, 1, 4287, 11:1:80, 1:18:5.954, 0,  0.00000,    0.00000, 0, -80, 4.2, 0.864, 3, 164
2019-02-12 20:10:27.645398,  , rf>11, 49, 348227334, 311, 1, 3691, 12:2:19, 20:10:20.729, 0,  0.00000,    0.00000, 0, -111, 4.1, 1.534, 3, 967
2019-02-12 20:10:30.993602,  , rf>12, 49, 436700210, 781, 2, 4814, 11:1:80, 1:18:10.407, 0,  0.00000,    0.00000, 0, -83, 4.2, 0.854, 3, 164
2019-02-12 20:10:32.334686,  , rf>11, 50, 348231189, 337, 1, 4521, 12:2:19, 20:10:25.584, 0,  0.00000,    0.00000, 0, -107, 4.1, 0.947, 3, 164
2019-02-12 20:10:34.574656,  , rf>12, 50, 436705188, 949, 1, 3422, 11:1:80, 1:18:15.378, 0,  0.00000,    0.00000, 0, -83, 4.2, 1.237, 3, 164
2019-02-12 20:10:37.229311,  , rf>11, 51, 348235874, 239, 1, 4732, 12:2:19, 20:10:30.276, 0,  0.00000,    0.00000, 0, -111, 4.1, 0.277, 3, 164
2019-02-12 20:10:38.932577,  , rf>12, 51, 436708774, 751, 1, 4194, 11:1:80, 1:18:18.954, 0,  0.00000,    0.00000, 0, -83, 4.2, 1.334, 3, 164
2019-02-12 20:10:41.199297,  , rf>11, 52, 348240770, 257, 1, 3810, 12:2:19, 20:10:34.175, 0,  0.00000,    0.00000, 0, -107, 4.1, 0.332, 3, 164
2019-02-12 20:10:43.364290,  , rf>12, 52, 436713132, 1312, 1, 4258, 11:1:80, 1:18:23.324, 0,  0.00000,    0.00000, 0, -82, 4.2, 1.167, 3, 164
2019-02-12 20:10:45.764523,  , rf>11, 53, 348244744, 302, 1, 4418, 12:2:19, 20:10:38.942, 0,  0.00000,    0.00000, 0, -109, 4.1, 0.135, 3, 164
2019-02-12 20:10:47.526616,  , rf>12, 53, 436717554, 20, 1, 3992, 11:1:80, 1:18:27.746, 0,  0.00000,    0.00000, 0, -82, 4.2, 0.000, 3, 164
2019-02-12 20:10:50.806075,  , rf>11, 54, 348249326, 408, 1, 4842, 12:2:19, 20:10:43.725, 0,  0.00000,    0.00000, 0, -108, 4.1, 0.577, 3, 164
2019-02-12 20:10:52.391861,  , rf>12, 54, 436721709, 1496, 1, 4694, 11:1:80, 1:18:31.903, 0,  0.00000,    0.00000, 0, -77, 4.2, 1.286, 3, 163
2019-02-12 20:10:54.971395,  , rf>11, 55, 348254332, 572, 1, 4003, 12:2:19, 20:10:48.731, 0,  0.00000,    0.00000, 0, -111, 4.1, 0.287, 3, 164
2019-02-12 20:10:56.531052,  , rf>12, 55, 436726567, 752, 2, 3989, 11:1:80, 1:18:36.763, 0,  0.00000,    0.00000, 0, -83, 4.2, 1.047, 3, 164
2019-02-12 20:11:00.064996,  , rf>11, 56, 348258499, 329, 1, 4939, 12:2:19, 20:10:52.900, 0,  0.00000,    0.00000, 0, -111, 4.1, 1.150, 3, 164
2019-02-12 20:11:00.759454,  , rf>12, 56, 436730720, 499, 1, 4055, 11:1:80, 1:18:40.916, 0,  0.00000,    0.00000, 0, -83, 4.2, 1.192, 3, 164
2019-02-12 20:11:04.512974,  , rf>11, 57, 348263602, 470, 1, 4303, 12:2:19, 20:10:57.4, 0,  0.00000,    0.00000, 0, -111, 4.1, 0.928, 3, 164
2019-02-12 20:11:04.883431,  , rf>12, 57, 436734939, 386, 1, 3963, 11:1:80, 1:18:44.137, 0,  0.00000,    0.00000, 0, -83, 4.2, 1.012, 3, 164
2019-02-12 20:11:09.421814,  , rf>12, 58, 436739066, 532, 1, 4374, 11:1:80, 1:18:49.254, 0,  0.00000,    0.00000, 0, -83, 4.2, 0.848, 3, 164
2019-02-12 20:11:09.642347,  , rf>11, 58, 348268069, 1153, 1, 4941, 12:2:19, 20:11:2.456, 0,  0.00000,    0.00000, 0, -111, 4.1, 0.667, 3, 164
2019-02-12 20:11:13.465724,  , rf>12, 59, 436743604, 562, 1, 3890, 11:1:80, 1:18:53.812, 0,  0.00000,    0.00000, 0, -83, 4.2, 0.996, 3, 164
2019-02-12 20:11:14.768537,  , rf>11, 59, 348273174, 750, 1, 4969, 12:2:19, 20:11:7.578, 0,  0.00000,    0.00000, 0, -109, 4.1, 1.344, 3, 164
2019-02-12 20:11:17.968694,  , rf>12, 60, 436747658, 2602, 1, 4332, 11:1:80, 1:18:57.868, 0,  0.00000,    0.00000, 0, -83, 4.2, 1.179, 3, 164
2019-02-12 20:11:18.705116,  , rf>11, 60, 348278307, 1167, 1, 3765, 12:2:19, 20:11:12.711, 0,  0.00000,    0.00000, 0, -111, 4.1, 1.192, 3, 164
2019-02-12 20:11:21.468485,  , rf>12, 61, 436752154, 797, 1, 3351, 11:1:80, 1:19:2.356, 0,  0.00000,    0.00000, 0, -81, 4.2, 0.960, 3, 164
2019-02-12 20:11:23.215723,  , rf>11, 61, 348282236, 258, 1, 4362, 12:2:19, 20:11:16.646, 0,  0.00000,    0.00000, 0, -109, 4.1, 1.595, 3, 164
2019-02-12 20:11:26.635771,  , rf>12, 62, 436755669, 630, 1, 4974, 11:1:80, 1:19:5.862, 0,  0.00000,    0.00000, 0, -83, 4.2, 0.996, 3, 164
2019-02-12 20:11:28.203961,  , rf>11, 62, 348286762, 472, 1, 4800, 12:2:19, 20:11:20.174, 0,  0.00000,    0.00000, 0, -109, 4.1, 0.561, 3, 164
2019-02-12 20:11:31.010960,  , rf>12, 63, 436760807, 852, 1, 4226, 11:1:80, 1:19:10.12, 0,  0.00000,    0.00000, 0, -83, 4.2, 0.844, 3, 164
2019-02-12 20:11:32.494382,  , rf>11, 63, 348291726, 442, 1, 4132, 12:2:19, 20:11:25.128, 0,  0.00000,    0.00000, 0, -109, 4.1, 0.371, 3, 164
2019-02-12 20:11:36.152192,  , rf>12, 64, 436765197, 301, 1, 4979, 11:1:80, 1:19:15.403, 0,  0.00000,    0.00000, 0, -83, 4.2, 1.038, 3, 164
2019-02-12 20:11:36.392406,  , rf>11, 64, 348296022, 1196, 1, 3720, 12:2:19, 20:11:30.429, 0,  0.00000,    0.00000, 0, -109, 4.1, 0.567, 3, 164
2019-02-12 20:11:39.735297,  , rf>12, 65, 436770340, -1, 0, 3407, 11:1:80, 1:19:20.537, 0,  0.00000,    0.00000, 0, -83, 4.2, 1.060, 3, 164
2019-02-12 20:11:40.380680,  , rf>11, 65, 348299906, 568, 1, 3837, 12:2:19, 20:11:34.306, 0,  0.00000,    0.00000, 0, -109, 4.1, 0.425, 3, 164
2019-02-12 20:11:43.077915,  , rf>12, 66, 436773911, -1, 0, 3185, 11:1:80, 1:19:23.118, 0,  0.00000,    0.00000, 0, -84, 4.2, 1.141, 3, 164
2019-02-12 20:11:44.367141,  , rf>11, 66, 348303907, 561, 1, 3822, 12:2:19, 20:11:38.318, 0,  0.00000,    0.00000, 0, -109, 4.1, 0.986, 3, 164
2019-02-12 20:11:48.088660,  , rf>12, 67, 436777260, -1, 0, 4833, 11:1:80, 1:19:27.469, 0,  0.00000,    0.00000, 0, -83, 4.2, 0.970, 3, 164
2019-02-12 20:11:49.451548,  , rf>11, 67, 348307893, 365, 1, 4150, 12:2:19, 20:11:42.303, 0,  0.00000,    0.00000, 0, -111, 4.1, 0.822, 3, 164
2019-02-12 20:11:53.047449,  , rf>12, 68, 436782257, 518, 1, 4796, 11:1:80, 1:19:32.456, 0,  0.00000,    0.00000, 0, -82, 4.2, 0.838, 3, 164
2019-02-12 20:11:54.039384,  , rf>11, 68, 348312980, 1201, 1, 3567, 12:2:19, 20:11:46.394, 0,  0.00000,    0.00000, 0, -112, 4.1, 1.325, 3, 937
2019-02-12 20:11:57.612930,  , rf>11, 69, 348317552, 272, 1, 3422, 12:2:19, 20:11:50.974, 0,  0.00000,    0.00000, 0, -113, 4.1, 1.086, 3, 1005
2019-02-12 20:11:58.207191,  , rf>12, 69, 436787217, 402, 1, 4995, 11:1:80, 1:19:37.745, 0,  0.00000,    0.00000, 0, -79, 4.2, 0.000, 3, 164
2019-02-12 20:12:01.971894,  , rf>11, 70, 348321138, 835, 1, 4194, 12:2:19, 20:11:55.563, 0,  0.00000,    0.00000, 0, -113, 4.1, 1.051, 3, 164
2019-02-12 20:12:02.433750,  , rf>12, 70, 436792376, 668, 1, 4064, 11:1:80, 1:19:42.596, 0,  0.00000,    0.00000, 0, -82, 4.2, 0.867, 3, 164
2019-02-12 20:12:06.385597,  , rf>11, 71, 348325496, 1549, 1, 4258, 12:2:19, 20:11:59.922, 0,  0.00000,    0.00000, 0, -113, 4.1, 1.115, 3, 164
2019-02-12 20:12:06.687383,  , rf>12, 71, 436796604, 599, 1, 4088, 11:1:80, 1:19:46.825, 0,  0.00000,    0.00000, 0, -82, 4.2, 0.877, 3, 164
2019-02-12 20:12:10.513048,  , rf>12, 72, 436800856, 410, 1, 3674, 11:1:80, 1:19:50.78, 0,  0.00000,    0.00000, 0, -82, 4.2, 0.976, 3, 164
2019-02-12 20:12:10.894658,  , rf>11, 72, 348329918, 525, 1, 3992, 12:2:19, 20:12:4.344, 0,  0.00000,    0.00000, 0, -112, 4.1, 0.693, 3, 164
2019-02-12 20:12:14.707423,  , rf>12, 73, 436804694, -1, 0, 4027, 11:1:80, 1:19:54.899, 0,  0.00000,    0.00000, 0, -82, 4.2, 1.125, 3, 164
2019-02-12 20:12:15.618101,  , rf>11, 73, 348334405, 277, 1, 4553, 12:2:19, 20:12:8.834, 0,  0.00000,    0.00000, 0, -111, 4.1, 0.806, 3, 495
2019-02-12 20:12:18.891727,  , rf>12, 74, 436808885, -1, 0, 4006, 11:1:80, 1:19:58.110, 0,  0.00000,    0.00000, 0, -83, 4.2, 1.096, 3, 164
2019-02-12 20:12:19.777560,  , rf>11, 74, 348339122, 287, 1, 3995, 12:2:19, 20:12:13.553, 0,  0.00000,    0.00000, 0, -111, 4.1, 1.173, 3, 164
2019-02-12 20:12:22.212526,  , rf>12, 75, 436813055, 1008, 1, 3166, 11:1:80, 1:20:3.272, 0,  0.00000,    0.00000, 0, -80, 4.2, 1.299, 3, 164
2019-02-12 20:12:24.884646,  , rf>11, 75, 348343281, 963, 1, 4957, 12:2:19, 20:12:17.713, 0,  0.00000,    0.00000, 0, -108, 4.1, 1.228, 3, 164
2019-02-12 20:12:27.347721,  , rf>12, 76, 436816385, -1, 0, 4964, 11:1:80, 1:20:6.602, 0,  0.00000,    0.00000, 0, -83, 4.2, 1.196, 3, 164
2019-02-12 20:12:29.897598,  , rf>11, 76, 348348402, 646, 1, 4848, 12:2:19, 20:12:22.835, 0,  0.00000,    0.00000, 0, -108, 4.1, 1.131, 3, 164
2019-02-12 20:12:32.118212,  , rf>12, 77, 436821513, 159, 1, 4595, 11:1:80, 1:20:11.741, 0,  0.00000,    0.00000, 0, -83, 4.2, 1.598, 3, 164
2019-02-12 20:12:34.011133,  , rf>11, 77, 348353414, 689, 1, 3948, 12:2:19, 20:12:27.847, 0,  0.00000,    0.00000, 0, -108, 4.1, 1.395, 3, 164
2019-02-12 20:12:36.244134,  , rf>12, 78, 436826272, 876, 1, 3995, 11:1:80, 1:20:16.491, 0,  0.00000,    0.00000, 0, -80, 4.2, 1.350, 3, 164
2019-02-12 20:12:38.818817,  , rf>11, 78, 348357526, 434, 1, 4642, 12:2:19, 20:12:31.961, 0,  0.00000,    0.00000, 0, -111, 4.1, 0.670, 3, 164
2019-02-12 20:12:39.630828,  , rf>12, 79, 436830431, -1, 0, 3200, 11:1:80, 1:20:20.652, 0,  0.00000,    0.00000, 0, -83, 4.2, 1.225, 3, 164
2019-02-12 20:12:43.838211,  , rf>12, 80, 436833795, 1083, 1, 3701, 11:1:80, 1:20:23.7, 0,  0.00000,    0.00000, 0, -82, 4.2, 1.237, 3, 164
2019-02-12 20:12:44.386034,  , rf>11, 79, 348362332, 495, 1, 4492, 12:2:19, 20:12:36.530, 0,  0.00000,    0.00000, 0, -109, 4.1, 0.980, 3, 164
2019-02-12 20:12:47.804155,  , rf>11, 80, 348367884, 491, 1, 3248, 12:2:19, 20:12:41.103, 0,  0.00000,    0.00000, 0, -108, 4.1, 0.561, 3, 1060
2019-02-12 20:12:48.622199,  , rf>12, 81, 436838019, 1776, 1, 4598, 11:1:80, 1:20:27.232, 0,  0.00000,    0.00000, 0, -82, 4.2, 1.179, 3, 523
2019-02-12 20:12:52.523679,  , rf>12, 82, 436842781, 1516, 1, 3732, 11:1:80, 1:20:32.7, 0,  0.00000,    0.00000, 0, -82, 4.2, 1.002, 3, 164
2019-02-12 20:12:52.884963,  , rf>11, 81, 348371296, 1297, 1, 4931, 12:2:19, 20:12:45.738, 0,  0.00000,    0.00000, 0, -111, 4.1, 0.545, 3, 164
2019-02-12 20:12:57.000520,  , rf>12, 83, 436846677, 805, 1, 4317, 11:1:80, 1:20:36.902, 0,  0.00000,    0.00000, 0, -82, 4.2, 0.896, 3, 164
2019-02-12 20:12:57.908300,  , rf>11, 82, 348376391, 507, 1, 4857, 12:2:19, 20:12:50.615, 0,  0.00000,    0.00000, 0, -111, 4.1, 1.592, 3, 164
2019-02-12 20:13:01.265633,  , rf>12, 84, 436851158, 516, 1, 4114, 11:1:80, 1:20:41.376, 0,  0.00000,    0.00000, 0, -83, 4.2, 0.867, 3, 164
2019-02-12 20:13:02.272795,  , rf>11, 83, 348381412, 1187, 1, 3816, 12:2:19, 20:12:55.628, 0,  0.00000,    0.00000, 0, -111, 4.1, 1.402, 3, 164
2019-02-12 20:13:05.088310,  , rf>12, 85, 436855436, 502, 1, 3649, 11:1:80, 1:20:45.655, 0,  0.00000,    0.00000, 0, -83, 4.2, 0.947, 3, 164
2019-02-12 20:13:05.514775,  , rf>11, 84, 348385793, 590, 1, 3077, 12:2:19, 20:12:59.19, 0,  0.00000,    0.00000, 0, -111, 4.1, 0.509, 3, 565
2019-02-12 20:13:09.764867,  , rf>12, 86, 436859249, 574, 1, 4518, 11:1:80, 1:20:49.487, 0,  0.00000,    0.00000, 0, -83, 4.2, 0.851, 3, 164
2019-02-12 20:13:10.085621,  , rf>11, 85, 348389034, 830, 1, 4388, 12:2:19, 20:13:3.262, 0,  0.00000,    0.00000, 0, -112, 4.1, 0.406, 3, 164
2019-02-12 20:13:14.363895,  , rf>12, 87, 436863931, 710, 1, 4405, 11:1:80, 1:20:53.161, 0,  0.00000,    0.00000, 0, -82, 4.2, 1.051, 3, 164
2019-02-12 20:13:15.066888,  , rf>11, 86, 348393586, 266, 1, 4814, 12:2:19, 20:13:7.815, 0,  0.00000,    0.00000, 0, -111, 4.1, 1.531, 3, 164
2019-02-12 20:13:17.558973,  , rf>12, 88, 436868500, -1, 0, 3055, 11:1:80, 1:20:58.740, 0,  0.00000,    0.00000, 0, -81, 4.2, 0.915, 3, 164
2019-02-12 20:13:18.351750,  , rf>11, 87, 348398564, -1, 0, 3122, 12:2:19, 20:13:12.6, 0,  0.00000,    0.00000, 0, -111, 4.1, 0.480, 3, 164
2019-02-12 20:13:21.993592,  , rf>12, 89, 436871719, 604, 1, 4268, 11:1:80, 1:21:1.952, 0,  0.00000,    0.00000, 0, -80, 4.2, 1.051, 3, 164
2019-02-12 20:13:22.788487,  , rf>11, 88, 348401850, -1, 0, 4275, 12:2:19, 20:13:16.302, 0,  0.00000,    0.00000, 0, -106, 4.1, 0.947, 3, 164
2019-02-12 20:13:25.831000,  , rf>12, 90, 436876151, -1, 0, 3671, 11:1:80, 1:21:6.374, 0,  0.00000,    0.00000, 0, -81, 4.2, 1.022, 3, 164
2019-02-12 20:13:27.261462,  , rf>11, 89, 348406289, 20, 1, 4309, 12:2:19, 20:13:20.522, 0,  0.00000,    0.00000, 0, -108, 4.1, 0.000, 3, 164
2019-02-12 20:13:29.088963,  , rf>12, 91, 436879986, -1, 0, 3083, 11:1:80, 1:21:10.211, 0,  0.00000,    0.00000, 0, -82, 4.2, 0.960, 3, 164
2019-02-12 20:13:31.338544,  , rf>11, 90, 348410761, -1, 0, 3922, 12:2:19, 20:13:24.976, 0,  0.00000,    0.00000, 0, -108, 4.1, 0.648, 3, 163
2019-02-12 20:13:32.546808,  , rf>12, 92, 436883233, -1, 0, 3296, 11:1:80, 1:21:13.469, 0,  0.00000,    0.00000, 0, -80, 4.2, 0.964, 3, 164
2019-02-12 20:13:35.190805,  , rf>11, 91, 348414847, 1160, 1, 3674, 12:2:19, 20:13:28.83, 0,  0.00000,    0.00000, 0, -108, 4.1, 1.083, 3, 164
2019-02-12 20:13:35.973963,  , rf>12, 93, 436886693, 916, 1, 3248, 11:1:80, 1:21:16.920, 0,  0.00000,    0.00000, 0, -80, 4.2, 0.999, 3, 164
2019-02-12 20:13:39.390658,  , rf>11, 92, 348418685, -1, 0, 4027, 12:2:19, 20:13:32.922, 0,  0.00000,    0.00000, 0, -109, 4.1, 0.870, 3, 164
2019-02-12 20:13:39.935038,  , rf>12, 94, 436890105, -1, 0, 3813, 11:1:80, 1:21:20.332, 0,  0.00000,    0.00000, 0, -82, 4.2, 0.967, 3, 164
2019-02-12 20:13:43.552150,  , rf>11, 93, 348422876, -1, 0, 4006, 12:2:19, 20:13:36.88, 0,  0.00000,    0.00000, 0, -107, 4.1, 0.864, 3, 164
2019-02-12 20:13:44.078030,  , rf>12, 95, 436894082, 570, 1, 3975, 11:1:80, 1:21:24.320, 0,  0.00000,    0.00000, 0, -82, 4.2, 0.925, 3, 164
2019-02-12 20:13:46.895139,  , rf>11, 94, 348427046, -1, 0, 3166, 12:2:19, 20:13:41.285, 0,  0.00000,    0.00000, 0, -108, 4.1, 0.815, 3, 164
2019-02-12 20:13:49.053442,  , rf>12, 96, 436898221, 489, 1, 4809, 11:1:80, 1:21:28.461, 0,  0.00000,    0.00000, 0, -83, 4.2, 1.170, 3, 164
2019-02-12 20:13:50.335869,  , rf>11, 95, 348430376, -1, 0, 3266, 12:2:19, 20:13:44.616, 0,  0.00000,    0.00000, 0, -109, 4.1, 1.196, 3, 164
2019-02-12 20:13:54.152744,  , rf>12, 97, 436903194, 477, 1, 4937, 11:1:80, 1:21:33.443, 0,  0.00000,    0.00000, 0, -80, 4.2, 0.944, 3, 164
2019-02-12 20:13:54.933124,  , rf>11, 96, 348433806, 1023, 1, 4444, 12:2:19, 20:13:48.257, 0,  0.00000,    0.00000, 0, -108, 4.1, 1.260, 3, 164
2019-02-12 20:13:57.634668,  , rf>12, 98, 436908295, 343, 1, 3338, 11:1:80, 1:21:38.537, 0,  0.00000,    0.00000, 0, -79, 4.2, 1.031, 3, 164
2019-02-12 20:13:59.133315,  , rf>11, 97, 348438414, 765, 1, 4033, 12:2:19, 20:13:52.873, 0,  0.00000,    0.00000, 0, -103, 4.1, 1.357, 3, 164
2019-02-12 20:14:01.399143,  , rf>12, 99, 436911797, 1247, 1, 3576, 11:1:80, 1:21:41.49, 0,  0.00000,    0.00000, 0, -80, 4.2, 1.044, 3, 164
2019-02-12 20:14:02.910926,  , rf>11, 98, 348442611, 661, 2, 3625, 12:2:19, 20:13:56.48, 0,  0.00000,    0.00000, 0, -106, 4.1, 1.212, 3, 164
2019-02-12 20:14:05.096795,  , rf>12, 100, 436915537, 1730, 1, 3527, 11:1:80, 1:21:45.772, 0,  0.00000,    0.00000, 0, -83, 4.2, 1.018, 3, 164
2019-02-12 20:14:06.785588,  , rf>11, 99, 348446400, 1154, 1, 3701, 12:2:19, 20:14:0.860, 0,  0.00000,    0.00000, 0, -105, 4.1, 0.819, 3, 164
2019-02-12 20:14:09.699378,  , rf>12, 101, 436919228, 1693, 1, 4441, 11:1:80, 1:21:49.482, 0,  0.00000,    0.00000, 0, -81, 4.2, 0.980, 3, 164
2019-02-12 20:14:11.548103,  , rf>11, 100, 348450265, 380, 1, 4603, 12:2:19, 20:14:4.951, 0,  0.00000,    0.00000, 0, -108, 4.1, 1.589, 3, 164
2019-02-12 20:14:13.834988,  , rf>12, 102, 436923833, 453, 1, 3982, 11:1:80, 1:21:53.88, 0,  0.00000,    0.00000, 0, -81, 4.2, 0.893, 3, 164
2019-02-12 20:14:15.916434,  , rf>11, 101, 348455032, 762, 1, 3732, 12:2:19, 20:14:9.276, 0,  0.00000,    0.00000, 0, -105, 4.1, 1.392, 3, 164
2019-02-12 20:14:18.685413,  , rf>12, 103, 436927979, 492, 1, 4682, 11:1:80, 1:21:58.227, 0,  0.00000,    0.00000, 0, -79, 4.2, 0.867, 3, 164
2019-02-12 20:14:20.875645,  , rf>11, 102, 348459405, 1095, 1, 4776, 12:2:19, 20:14:13.861, 0,  0.00000,    0.00000, 0, -111, 4.1, 1.073, 3, 641
2019-02-12 20:14:23.365119,  , rf>12, 104, 436932825, 1034, 1, 4514, 11:1:80, 1:22:2.74, 0,  0.00000,    0.00000, 0, -82, 4.2, 0.954, 3, 164
2019-02-12 20:14:24.691262,  , rf>11, 103, 348464345, 455, 1, 3206, 12:2:19, 20:14:18.806, 0,  0.00000,    0.00000, 0, -112, 4.1, 1.428, 3, 164
2019-02-12 20:14:26.740237,  , rf>12, 105, 436937503, 771, 1, 3204, 11:1:80, 1:22:7.742, 0,  0.00000,    0.00000, 0, -83, 4.2, 1.076, 3, 164
2019-02-12 20:14:27.841524,  , rf>11, 104, 348468160, 2613, 1, 3007, 12:2:19, 20:14:21.620, 0,  0.00000,    0.00000, 0, -111, 4.1, 0.828, 3, 609
2019-02-12 20:14:30.572070,  , rf>12, 106, 436940871, -1, 0, 3674, 11:1:80, 1:22:10.122, 0,  0.00000,    0.00000, 0, -83, 4.2, 0.976, 3, 164
2019-02-12 20:14:32.747797,  , rf>11, 105, 348471331, 1064, 1, 4724, 12:2:19, 20:14:25.792, 0,  0.00000,    0.00000, 0, -111, 4.1, 1.089, 3, 164
2019-02-12 20:14:35.709914,  , rf>12, 107, 436944709, 340, 1, 4971, 11:1:80, 1:22:14.961, 0,  0.00000,    0.00000, 0, -81, 4.2, 1.034, 3, 164
2019-02-12 20:14:37.776781,  , rf>11, 106, 348476219, 141, 1, 4862, 12:2:19, 20:14:30.674, 0,  0.00000,    0.00000, 0, -111, 4.1, 1.424, 3, 164
2019-02-12 20:14:39.306801,  , rf>12, 108, 436949844, 443, 1, 3423, 11:1:80, 1:22:19.87, 0,  0.00000,    0.00000, 0, -80, 4.2, 0.889, 3, 164
2019-02-12 20:14:41.848020,  , rf>11, 107, 348481245, 292, 1, 3905, 12:2:19, 20:14:35.713, 0,  0.00000,    0.00000, 0, -105, 4.1, 0.812, 3, 164
2019-02-12 20:14:42.861246,  , rf>12, 109, 436953431, 448, 1, 3393, 11:1:80, 1:22:23.675, 0,  0.00000,    0.00000, 0, -80, 4.2, 1.009, 3, 164
2019-02-12 20:14:45.907971,  , rf>11, 108, 348485314, 493, 1, 3908, 12:2:19, 20:14:39.785, 0,  0.00000,    0.00000, 0, -109, 4.1, 0.587, 3, 164
2019-02-12 20:14:46.182668,  , rf>12, 110, 436956988, 420, 1, 3160, 11:1:80, 1:22:27.251, 0,  0.00000,    0.00000, 0, -82, 4.2, 0.918, 3, 164
2019-02-12 20:14:50.265001,  , rf>11, 109, 348489386, 260, 2, 4190, 12:2:19, 20:14:43.856, 0,  0.00000,    0.00000, 0, -106, 4.1, 0.616, 3, 164
2019-02-12 20:14:50.413603,  , rf>12, 111, 436960312, 378, 1, 4061, 11:1:80, 1:22:30.812, 0,  0.00000,    0.00000, 0, -79, 4.2, 1.202, 3, 164
2019-02-12 20:14:55.001765,  , rf>11, 110, 348493740, 317, 2, 4569, 12:2:19, 20:14:48.506, 0,  0.00000,    0.00000, 0, -108, 4.1, 0.000, 3, 164
2019-02-12 20:14:55.566801,  , rf>12, 112, 436964537, 399, 1, 4999, 11:1:80, 1:22:34.802, 0,  0.00000,    0.00000, 0, -82, 4.2, 0.986, 3, 164
2019-02-12 20:14:58.578788,  , rf>11, 111, 348498472, 309, 1, 3403, 12:2:19, 20:14:52.941, 0,  0.00000,    0.00000, 0, -108, 4.1, 0.947, 3, 163
2019-02-12 20:15:00.399689,  , rf>12, 113, 436969700, 394, 1, 4657, 11:1:80, 1:22:39.957, 0,  0.00000,    0.00000, 0, -82, 4.2, 0.899, 3, 164
2019-02-12 20:15:02.718599,  , rf>11, 112, 348502039, 65, 1, 3975, 12:2:19, 20:14:56.516, 0,  0.00000,    0.00000, 0, -111, 4.1, 0.000, 3, 164
2019-02-12 20:15:05.444075,  , rf>12, 114, 436974521, 361, 1, 4892, 11:1:80, 1:22:44.769, 0,  0.00000,    0.00000, 0, -80, 4.2, 1.134, 3, 164
2019-02-12 20:15:07.667114,  , rf>11, 113, 348506177, 430, 1, 4809, 12:2:19, 20:15:0.647, 0,  0.00000,    0.00000, 0, -109, 4.1, 1.160, 3, 163
2019-02-12 20:15:08.781093,  , rf>12, 115, 436979577, 471, 1, 3144, 11:1:80, 1:22:49.836, 0,  0.00000,    0.00000, 0, -83, 4.2, 0.941, 3, 164
2019-02-12 20:15:12.540477,  , rf>12, 116, 436982885, 666, 1, 3610, 11:1:80, 1:22:52.136, 0,  0.00000,    0.00000, 0, -82, 4.2, 1.099, 3, 164
2019-02-12 20:15:12.785932,  , rf>11, 114, 348511150, 238, 2, 4937, 12:2:19, 20:15:5.628, 0,  0.00000,    0.00000, 0, -109, 4.1, 0.190, 3, 164
2019-02-12 20:15:15.849512,  , rf>12, 117, 436986659, 501, 1, 3142, 11:1:80, 1:22:56.912, 0,  0.00000,    0.00000, 0, -82, 4.2, 1.002, 3, 164
2019-02-12 20:15:16.295946,  , rf>11, 115, 348516251, 632, 1, 3338, 12:2:19, 20:15:10.726, 0,  0.00000,    0.00000, 0, -112, 4.1, 0.429, 3, 164
2019-02-12 20:15:20.032809,  , rf>11, 116, 348519753, 445, 1, 3576, 12:2:19, 20:15:14.219, 0,  0.00000,    0.00000, 0, -106, 4.1, 1.383, 3, 164
2019-02-12 20:15:20.869244,  , rf>12, 118, 436989965, 1527, 1, 4856, 11:1:80, 1:23:0.237, 0,  0.00000,    0.00000, 0, -82, 4.2, 0.951, 3, 164
2019-02-12 20:15:23.725475,  , rf>11, 117, 348523493, 246, 1, 3527, 12:2:19, 20:15:17.975, 0,  0.00000,    0.00000, 0, -108, 4.1, 1.589, 3, 164
2019-02-12 20:15:25.766561,  , rf>12, 119, 436994985, 807, 1, 4755, 11:1:80, 1:23:5.249, 0,  0.00000,    0.00000, 0, -82, 4.2, 0.864, 3, 164
2019-02-12 20:15:28.339031,  , rf>11, 118, 348527184, 300, 1, 4441, 12:2:19, 20:15:21.667, 0,  0.00000,    0.00000, 0, -108, 4.1, 1.315, 3, 164
2019-02-12 20:15:29.747629,  , rf>12, 120, 436999904, 20, 1, 3796, 11:1:80, 1:23:9.170, 0,  0.00000,    0.00000, 0, -83, 4.2, 0.000, 3, 164
2019-02-12 20:15:32.473792,  , rf>11, 119, 348531789, 276, 1, 3982, 12:2:19, 20:15:26.273, 0,  0.00000,    0.00000, 0, -108, 4.1, 1.344, 3, 164
2019-02-12 20:15:34.193280,  , rf>12, 121, 437003864, 796, 1, 4272, 11:1:80, 1:23:13.131, 0,  0.00000,    0.00000, 0, -82, 4.2, 1.392, 3, 164
2019-02-12 20:15:37.323936,  , rf>11, 120, 348535935, 209, 1, 4682, 12:2:19, 20:15:30.419, 0,  0.00000,    0.00000, 0, -105, 4.1, 0.893, 3, 164
2019-02-12 20:15:38.057146,  , rf>12, 122, 437008300, 576, 1, 3715, 11:1:80, 1:23:18.558, 0,  0.00000,    0.00000, 0, -83, 4.2, 1.044, 3, 164
2019-02-12 20:15:42.010149,  , rf>11, 121, 348540781, 458, 1, 4514, 12:2:19, 20:15:35.267, 0,  0.00000,    0.00000, 0, -105, 4.1, 1.450, 3, 164
2019-02-12 20:15:42.903608,  , rf>12, 123, 437012179, -1, 0, 4674, 11:1:80, 1:23:22.437, 0,  0.00000,    0.00000, 0, -79, 4.2, 0.989, 3, 164
2019-02-12 20:15:45.375598,  , rf>11, 122, 348545459, 331, 1, 3204, 12:2:19, 20:15:39.941, 0,  0.00000,    0.00000, 0, -107, 4.1, 0.512, 3, 164
2019-02-12 20:15:47.517082,  , rf>12, 124, 437017017, 400, 1, 4451, 11:1:80, 1:23:27.287, 0,  0.00000,    0.00000, 0, -82, 4.2, 0.825, 3, 164
2019-02-12 20:15:49.826854,  , rf>11, 123, 348548827, 756, 1, 4295, 12:2:19, 20:15:42.82, 0,  0.00000,    0.00000, 0, -107, 4.1, 0.838, 3, 164
2019-02-12 20:15:52.277626,  , rf>12, 125, 437021632, 1958, 1, 4580, 11:1:80, 1:23:31.903, 0,  0.00000,    0.00000, 0, -80, 4.2, 1.134, 3, 164
2019-02-12 20:15:54.972499,  , rf>11, 124, 348553286, 340, 1, 4971, 12:2:19, 20:15:47.562, 0,  0.00000,    0.00000, 0, -105, 4.1, 1.109, 3, 164
2019-02-12 20:15:56.679540,  , rf>12, 126, 437026376, -1, 0, 4259, 11:1:80, 1:23:36.656, 0,  0.00000,    0.00000, 0, -82, 4.2, 1.063, 3, 164
2019-02-12 20:15:58.559792,  , rf>11, 1
2019-02-12 20:16:00.972255,  , rf>12, 127, 437030799, 1826, 1, 4118, 11:1:80, 1:23:40.462, 0,  0.00000,    0.00000, 0, -82, 4.2, 1.005, 3, 164
2019-02-12 20:16:02.111736,  , rf>11, 126, 348562008, 416, 1, 3393, 12:2:19, 20:15:56.274, 0,  0.00000,    0.00000, 0, -108, 4.1, 1.431, 3, 164
2019-02-12 20:16:04.611938,  , rf>12, 128, 437035081, 664, 1, 3487, 11:1:80, 1:23:45.363, 0,  0.00000,    0.00000, 0, -82, 4.2, 0.970, 3, 164
2019-02-12 20:16:05.430691,  , rf>11, 127, 348565565, 215, 1, 3160, 12:2:19, 20:15:59.842, 0,  0.00000,    0.00000, 0, -108, 4.1, 1.134, 3, 164
2019-02-12 20:16:09.586379,  , rf>12, 129, 437038732, 571, 1, 4787, 11:1:80, 1:23:48.7, 0,  0.00000,    0.00000, 0, -82, 4.2, 0.973, 3, 164
2019-02-12 20:16:10.022321,  , rf>11, 128, 348568889, 594, 1, 4061, 12:2:19, 20:16:2.170, 0,  0.00000,    0.00000, 0, -108, 4.1, 0.216, 3, 164
2019-02-12 20:16:13.787941,  , rf>12, 130, 437043683, 2721, 1, 4050, 11:1:80, 1:23:53.949, 0,  0.00000,    0.00000, 0, -80, 4.2, 1.015, 3, 164
2019-02-12 20:16:15.181468,  , rf>11, 129, 348573461, 553, 1, 4999, 12:2:19, 20:16:7.739, 0,  0.00000,    0.00000, 0, -109, 4.1, 0.864, 3, 511
2019-02-12 20:16:18.627433,  , rf>12, 131, 437047897, 3340, 1, 4661, 11:1:80, 1:23:57.182, 0,  0.00000,    0.00000, 0, -82, 4.2, 1.257, 3, 164
2019-02-12 20:16:20.009277,  , rf>11, 130, 348578624, 348, 1, 4657, 12:2:19, 20:16:12.887, 0,  0.00000,    0.00000, 0, -107, 4.1, 0.712, 3, 164
2019-02-12 20:16:22.049219,  , rf>12, 132, 437052722, 927, 1, 3265, 11:1:80, 1:24:2.0, 0,  0.00000,    0.00000, 0, -83, 4.2, 0.918, 3, 164
2019-02-12 20:16:25.066080,  , rf>11, 131, 348583445, 425, 1, 4892, 12:2:19, 20:16:17.727, 0,  0.00000,    0.00000, 0, -106, 4.1, 0.358, 3, 164
2019-02-12 20:16:25.250748,  , rf>12, 133, 437056151, -1, 0, 3033, 11:1:80, 1:24:6.430, 0,  0.00000,    0.00000, 0, -82, 4.2, 1.170, 3, 164
2019-02-12 20:16:28.366498,  , rf>11, 132, 348588501, 262, 1, 3144, 12:2:19, 20:16:22.784, 0,  0.00000,    0.00000, 0, -108, 4.1, 0.232, 3, 164
2019-02-12 20:16:29.752455,  , rf>12, 134, 437059348, 20, 1, 4345, 11:1:80, 1:24:9.637, 0,  0.00000,    0.00000, 0, -82, 4.2, 0.000, 3, 164
2019-02-12 20:16:32.143225,  , rf>11, 133, 348591809, 308, 1, 3610, 12:2:19, 20:16:25.92, 0,  0.00000,    0.00000, 0, -108, 4.1, 0.187, 3, 164
2019-02-12 20:16:33.366295,  , rf>12, 135, 437063857, 493, 1, 3452, 11:1:80, 1:24:13.146, 0,  0.00000,    0.00000, 0, -80, 4.2, 0.883, 3, 164
2019-02-12 20:16:35.447857,  , rf>11, 134, 348595583, 466, 1, 3142, 12:2:19, 20:16:29.866, 0,  0.00000,    0.00000, 0, -108, 4.1, 1.421, 3, 164
2019-02-12 20:16:37.316829,  , rf>12, 136, 437067473, 2181, 1, 3776, 11:1:80, 1:24:17.745, 0,  0.00000,    0.00000, 0, -82, 4.2, 1.009, 3, 164
2019-02-12 20:16:40.448062,  , rf>11, 135, 348598889, 401, 1, 4856, 12:2:19, 20:16:33.386, 0,  0.00000,    0.00000, 0, -104, 4.1, 0.454, 3, 164
2019-02-12 20:16:41.517201,  , rf>12, 137, 437071413, 1644, 1, 4061, 11:1:80, 1:24:21.705, 0,  0.00000,    0.00000, 0, -82, 4.2, 1.157, 3, 164
2019-02-12 20:16:45.173082,  , rf>12, 138, 437075638, 2532, 1, 3474, 11:1:80, 1:24:25.931, 0,  0.00000,    0.00000, 0, -82, 4.2, 1.215, 3, 164
2019-02-12 20:16:45.383860,  , rf>11, 136, 348603909, 314, 1, 4755, 12:2:19, 20:16:38.411, 0,  0.00000,    0.00000, 0, -107, 4.1, 0.754, 3, 164
2019-02-12 20:16:49.341958,  , rf>11, 137, 348608828, 412, 1, 3796, 12:2:19, 20:16:43.326, 0,  0.00000,    0.00000, 0, -105, 4.1, 0.264, 3, 164
2019-02-12 20:16:49.884288,  , rf>12, 139, 437079276, 3668, 1, 4533, 11:1:80, 1:24:29.551, 0,  0.00000,    0.00000, 0, -79, 4.2, 1.218, 3, 164
2019-02-12 20:16:53.341951,  , rf>12, 140, 437083973, -1, 0, 3311, 11:1:80, 1:24:34.259, 0,  0.00000,    0.00000, 0, -82, 4.2, 1.196, 3, 164
2019-02-12 20:16:53.786923,  , rf>11, 138, 348612788, 232, 1, 4272, 12:2:19, 20:16:47.277, 0,  0.00000,    0.00000, 0, -106, 4.1, 1.022, 3, 164
2019-02-12 20:16:57.201218,  , rf>12, 141, 437087448, 110, 1, 3689, 11:1:80, 1:24:37.744, 0,  0.00000,    0.00000, 0, -79, 4.2, 0.000, 3, 164
2019-02-12 20:16:57.666156,  , rf>11, 139, 348617224, 200, 1, 3715, 12:2:19, 20:16:51.731, 0,  0.00000,    0.00000, 0, -109, 4.1, 0.490, 3, 164
2019-02-12 20:17:01.139118,  , rf>12, 142, 437091301, -1, 0, 3777, 11:1:80, 1:24:41.598, 0,  0.00000,    0.00000, 0, -79, 4.2, 1.128, 3, 164
2019-02-12 20:17:02.503448,  , rf>11, 1
2019-02-12 20:17:05.806349,  , rf>12, 143, 437095242, 2838, 1, 4502, 11:1:80, 1:24:45.821, 0,  0.00000,    0.00000, 0, -82, 4.2, 0.899, 3, 164
2019-02-12 20:17:07.301539,  , rf>11, 141, 348625941, 744, 1, 4629, 12:2:19, 20:17:0.448, 0,  0.00000,    0.00000, 0, -108, 4.1, 0.986, 3, 164
2019-02-12 20:17:09.115108,  , rf>12, 144, 437099908, 609, 1, 3145, 11:1:80, 1:24:50.199, 0,  0.00000,    0.00000, 0, -82, 4.2, 0.819, 3, 164
2019-02-12 20:17:11.364777,  , rf>11, 142, 348630734, 372, 1, 3891, 12:2:19, 20:17:5.237, 0,  0.00000,    0.00000, 0, -108, 4.1, 0.203, 3, 164
2019-02-12 20:17:12.377867,  , rf>12, 145, 437103217, 2498, 1, 3080, 11:1:80, 1:24:53.498, 0,  0.00000,    0.00000, 0, -81, 4.2, 0.989, 3, 164
2019-02-12 20:17:15.518741,  , rf>11, 143, 348634789, 634, 1, 3998, 12:2:19, 20:17:9.295, 0,  0.00000,    0.00000, 0, -108, 4.1, 0.197, 3, 164
2019-02-12 20:17:16.217115,  , rf>12, 146, 437106461, -1, 0, 3686, 11:1:80, 1:24:56.746, 0,  0.00000,    0.00000, 0, -82, 4.2, 1.063, 3, 164
2019-02-12 20:17:19.817106,  , rf>11, 144, 348638951, 244, 1, 4128, 12:2:19, 20:17:13.456, 0,  0.00000,    0.00000, 0, -109, 4.1, 0.184, 3, 164
2019-02-12 20:17:20.720007,  , rf>12, 147, 437110311, 475, 1, 4331, 11:1:80, 1:25:0.604, 0,  0.00000,    0.00000, 0, -79, 4.2, 0.854, 3, 164
2019-02-12 20:17:24.395389,  , rf>11, 145, 348643243, 260, 2, 4415, 12:2:19, 20:17:17.756, 0,  0.00000,    0.00000, 0, -109, 4.1, 0.158, 3, 164
2019-02-12 20:17:25.193235,  , rf>12, 148, 437114806, 407, 1, 4310, 11:1:80, 1:25:4.101, 0,  0.00000,    0.00000, 0, -83, 4.2, 0.906, 3, 164
2019-02-12 20:17:28.796772,  , rf>11, 146, 348647822, 306, 1, 4242, 12:2:19, 20:17:22.336, 0,  0.00000,    0.00000, 0, -108, 4.1, 0.187, 3, 164
2019-02-12 20:17:29.121093,  , rf>12, 149, 437119280, -1, 0, 3770, 11:1:80, 1:25:9.576, 0,  0.00000,    0.00000, 0, -84, 4.2, 1.125, 3, 164
2019-02-12 20:17:32.745818,  , rf>12, 150, 437123214, 1521, 1, 3443, 11:1:80, 1:25:13.510, 0,  0.00000,    0.00000, 0, -83, 4.2, 1.060, 3, 164
2019-02-12 20:17:33.215369,  , rf>11, 147, 348652228, 279, 1, 4265, 12:2:19, 20:17:26.743, 0,  0.00000,    0.00000, 0, -108, 4.1, 0.187, 3, 164
2019-02-12 20:17:37.693046,  , rf>12, 151, 437126821, 526, 1, 4801, 11:1:80, 1:25:16.108, 0,  0.00000,    0.00000, 0, -80, 4.2, 0.989, 3, 164
2019-02-12 20:17:38.265613,  , rf>11, 148, 348656657, 397, 1, 4870, 12:2:19, 20:17:30.171, 0,  0.00000,    0.00000, 0, -108, 4.1, 0.174, 3, 164
2019-02-12 20:17:41.025912,  , rf>12, 152, 437131786, 1436, 1, 3179, 11:1:80, 1:25:21.84, 0,  0.00000,    0.00000, 0, -82, 4.2, 0.822, 3, 164
2019-02-12 20:17:41.474633,  , rf>11, 149, 348661691, 260, 1, 3043, 12:2:19, 20:17:36.207, 0,  0.00000,    0.00000, 0, -109, 4.1, 0.371, 3, 164
2019-02-12 20:17:44.967916,  , rf>11, 150, 348664898, 265, 1, 3339, 12:2:19, 20:17:39.400, 0,  0.00000,    0.00000, 0, -109, 4.1, 0.680, 3, 164
2019-02-12 20:17:45.182230,  , rf>12, 153, 437135129, -1, 0, 3971, 11:1:80, 1:25:25.429, 0,  0.00000,    0.00000, 0, -83, 4.2, 1.305, 3, 164
2019-02-12 20:17:48.575943,  , rf>12, 154, 437139264, -1, 0, 3237, 11:1:80, 1:25:29.564, 0,  0.00000,    0.00000, 0, -83, 4.2, 1.215, 3, 164
2019-02-12 20:17:48.941932,  , rf>11, 151, 348668401, 336, 2, 3798, 12:2:19, 20:17:42.919, 0,  0.00000,    0.00000, 0, -107, 4.1, 0.480, 3, 164
2019-02-12 20:17:52.508133,  , rf>12, 155, 437142665, -1, 0, 3765, 11:1:80, 1:25:32.956, 0,  0.00000,    0.00000, 0, -83, 4.2, 1.160, 3, 164
2019-02-12 20:17:53.552135,  , rf>11, 152, 348672363, 379, 1, 4444, 12:2:19, 20:17:46.867, 0,  0.00000,    0.00000, 0, -109, 4.1, 0.764, 3, 164
2019-02-12 20:17:56.693765,  , rf>12, 156, 437146594, 592, 1, 4025, 11:1:80, 1:25:36.887, 0,  0.00000,    0.00000, 0, -83, 4.2, 0.980, 3, 164
2019-02-12 20:17:57.412506,  , rf>11, 153, 348676971, 244, 1, 3701, 12:2:19, 20:17:51.493, 0,  0.00000,    0.00000, 0, -108, 4.1, 0.461, 3, 164
2019-02-12 20:18:00.829426,  , rf>11, 154, 348680836, 339, 1, 3242, 12:2:19, 20:17:55.359, 0,  0.00000,    0.00000, 0, -109, 4.1, 0.522, 3, 164
2019-02-12 20:18:01.244689,  , rf>12, 157, 437150783, 793, 1, 4394, 11:1:80, 1:25:40.78, 0,  0.00000,    0.00000, 0, -80, 4.2, 1.254, 3, 164
2019-02-12 20:18:05.048959,  , rf>11, 155, 348684242, 378, 1, 4072, 12:2:19, 20:17:58.761, 0,  0.00000,    0.00000, 0, -108, 4.1, 0.883, 3, 164
2019-02-12 20:18:05.942600,  , rf>12, 158, 437155341, 1205, 1, 4508, 11:1:80, 1:25:45.655, 0,  0.00000,    0.00000, 0, -83, 4.2, 1.308, 3, 164
2019-02-12 20:18:09.735034,  , rf>12, 159, 437160013, 711, 1, 3628, 11:1:80, 1:25:50.320, 0,  0.00000,    0.00000, 0, -80, 4.2, 1.428, 3, 164
2019-02-12 20:18:09.985060,  , rf>11, 156, 348688478, 430, 1, 4759, 12:2:19, 20:18:2.790, 0,  0.00000,    0.00000, 0, -107, 4.1, 0.213, 3, 164
2019-02-12 20:18:12.905972,  , rf>12, 160, 437163805, 709, 1, 3010, 11:1:80, 1:25:53.103, 0,  0.00000,    0.00000, 0, -82, 4.2, 0.993, 3, 164
2019-02-12 20:18:13.834622,  , rf>11, 157, 348693401, 256, 1, 3689, 12:2:19, 20:18:7.910, 0,  0.00000,    0.00000, 0, -106, 4.1, 0.280, 3, 164
2019-02-12 20:18:17.349911,  , rf>12, 161, 437166979, 293, 1, 4284, 11:1:80, 1:25:57.277, 0,  0.00000,    0.00000, 0, -82, 4.2, 1.424, 3, 164
2019-02-12 20:18:17.773098,  , rf>11, 158, 348697254, 331, 1, 3777, 12:2:19, 20:18:11.769, 0,  0.00000,    0.00000, 0, -109, 4.1, 1.179, 3, 164
2019-02-12 20:18:20.839635,  , rf>12, 162, 437171427, 482, 1, 3331, 11:1:80, 1:26:1.726, 0,  0.00000,    0.00000, 0, -82, 4.2, 1.102, 3, 164
2019-02-12 20:18:21.927893,  , rf>11, 159, 348701195, 253, 1, 3524, 12:2:19, 20:18:15.706, 0,  0.00000,    0.00000, 0, -109, 4.1, 0.238, 3, 164
2019-02-12 20:18:25.059309,  , rf>12, 163, 437174922, 492, 2, 4042, 11:1:80, 1:26:5.223, 0,  0.00000,    0.00000, 0, -83, 4.2, 1.312, 3, 164
2019-02-12 20:18:26.655835,  , rf>11, 160, 348705348, 669, 1, 4566, 12:2:19, 20:18:19.654, 0,  0.00000,    0.00000, 0, -109, 4.1, 0.161, 3, 629
2019-02-12 20:18:28.463835,  , rf>12, 164, 437179128, 376, 1, 3252, 11:1:80, 1:26:9.448, 0,  0.00000,    0.00000, 0, -81, 4.2, 0.854, 3, 164
2019-02-12 20:18:31.115645,  , rf>11, 161, 348710078, 353, 1, 4278, 12:2:19, 20:18:24.365, 0,  0.00000,    0.00000, 0, -109, 4.1, 0.632, 3, 164
2019-02-12 20:18:32.738315,  , rf>12, 165, 437182544, 404, 2, 4105, 11:1:80, 1:26:12.857, 0,  0.00000,    0.00000, 0, -83, 4.2, 1.189, 3, 164
2019-02-12 20:18:35.242564,  , rf>11, 162, 348714520, 212, 1, 3978, 12:2:19, 20:18:28.834, 0,  0.00000,    0.00000, 0, -107, 4.1, 1.302, 3, 164
2019-02-12 20:18:37.854536,  , rf>12, 166, 437186813, 397, 1, 4936, 11:1:80, 1:26:16.116, 0,  0.00000,    0.00000, 0, -80, 4.2, 1.408, 3, 164
2019-02-12 20:18:39.246560,  , rf>11, 163, 348718662, 217, 1, 3824, 12:2:19, 20:18:32.978, 0,  0.00000,    0.00000, 0, -106, 4.1, 0.657, 3, 164
2019-02-12 20:18:41.614335,  , rf>12, 167, 437191913, 1007, 1, 3606, 11:1:80, 1:26:22.217, 0,  0.00000,    0.00000, 0, -80, 4.2, 1.134, 3, 164
2019-02-12 20:18:43.625973,  , rf>11, 164, 348722650, 324, 1, 4220, 12:2:19, 20:18:36.930, 0,  0.00000,    0.00000, 0, -105, 4.1, 0.296, 3, 164
2019-02-12 20:18:46.405283,  , rf>12, 168, 437195683, -1, 0, 4650, 11:1:80, 1:26:25.999, 0,  0.00000,    0.00000, 0, -80, 4.2, 1.212, 3, 164
2019-02-12 20:18:48.390138,  , rf>11, 165, 348727034, 297, 1, 4609, 12:2:19, 20:18:41.352, 0,  0.00000,    0.00000, 0, -106, 4.1, 0.677, 3, 164
2019-02-12 20:18:49.740648,  , rf>12, 169, 437200497, 768, 1, 3143, 11:1:80, 1:26:30.804, 0,  0.00000,    0.00000, 0, -83, 4.2, 1.192, 3, 164
2019-02-12 20:18:52.924746,  , rf>11, 166, 348731807, 383, 1, 4367, 12:2:19, 20:18:46.343, 0,  0.00000,    0.00000, 0, -106, 4.1, 0.815, 3, 164
2019-02-12 20:18:53.928345,  , rf>12, 170, 437203804, 1460, 1, 4030, 11:1:80, 1:26:33.121, 0,  0.00000,    0.00000, 0, -83, 4.2, 1.109, 3, 164
2019-02-12 20:18:57.242575,  , rf>11, 167, 348736338, 506, 1, 4150, 12:2:19, 20:18:50.858, 0,  0.00000,    0.00000, 0, -107, 4.1, 0.564, 3, 164
2019-02-12 20:18:57.505379,  , rf>12, 171, 437207998, 507, 1, 3407, 11:1:80, 1:26:38.307, 0,  0.00000,    0.00000, 0, -80, 4.2, 1.302, 3, 164
2019-02-12 20:19:02.072136,  , rf>11, 168, 348740652, 403, 1, 4670, 12:2:19, 20:18:54.936, 0,  0.00000,    0.00000, 0, -107, 4.1, 1.012, 3, 164
2019-02-12 20:19:02.603929,  , rf>12, 172, 437211569, 611, 1, 4941, 11:1:80, 1:26:41.889, 0,  0.00000,    0.00000, 0, -83, 4.2, 1.034, 3, 164
2019-02-12 20:19:05.492617,  , rf>11, 169, 348745486, 20, 1, 3237, 12:2:19, 20:18:59.798, 0,  0.00000,    0.00000, 0, -105, 4.1, 0.000, 3, 164
2019-02-12 20:19:06.634937,  , rf>12, 173, 437216674, 1037, 1, 3868, 11:1:80, 1:26:46.4, 0,  0.00000,    0.00000, 0, -82, 4.2, 1.022, 3, 164
2019-02-12 20:19:08.795713,  , rf>11, 170, 348748886, 408, 1, 3153, 12:2:19, 20:19:3.206, 0,  0.00000,    0.00000, 0, -108, 4.1, 0.284, 3, 163
2019-02-12 20:19:11.630813,  , rf>12, 174, 437220706, 789, 2, 4821, 11:1:80, 1:26:50.35, 0,  0.00000,    0.00000, 0, -83, 4.2, 1.325, 3, 164
2019-02-12 20:19:13.665313,  , rf>11, 171, 348752203, 350, 1, 4705, 12:2:19, 20:19:6.738, 0,  0.00000,    0.00000, 0, -106, 4.1, 0.425, 3, 164
2019-02-12 20:19:16.010236,  , rf>12, 175, 437225691, 394, 2, 4212, 11:1:80, 1:26:55.14, 0,  0.00000,    0.00000, 0, -80, 4.2, 0.935, 3, 164
2019-02-12 20:19:18.255462,  , rf>11, 172, 348757072, 273, 1, 4413, 12:2:19, 20:19:11.613, 0,  0.00000,    0.00000, 0, -112, 4.1, 0.935, 3, 164
2019-02-12 20:19:20.479457,  , rf>12, 176, 437230067, 615, 1, 4306, 11:1:80, 1:27:0.400, 0,  0.00000,    0.00000, 0, -82, 4.2, 1.366, 3, 164
2019-02-12 20:19:22.135654,  , rf>11, 173, 348761649, 299, 1, 3725, 12:2:19, 20:19:16.187, 0,  0.00000,    0.00000, 0, -113, 4.1, 1.466, 3, 164
2019-02-12 20:19:23.642359,  , rf>12, 177, 437234537, 512, 1, 3001, 11:1:80, 1:27:4.852, 0,  0.00000,    0.00000, 0, -80, 4.2, 1.067, 3, 164
2019-02-12 20:19:25.763022,  , rf>11, 174, 348765538, 352, 1, 3465, 12:2:19, 20:19:19.71, 0,  0.00000,    0.00000, 0, -107, 4.1, 0.896, 3, 164
2019-02-12 20:19:28.016295,  , rf>12, 178, 437237702, 1496, 1, 4199, 11:1:80, 1:27:7.29, 0,  0.00000,    0.00000, 0, -83, 4.2, 1.131, 3, 164
2019-02-12 20:19:30.656151,  , rf>11, 175, 348769167, 293, 1, 4717, 12:2:19, 20:19:23.712, 0,  0.00000,    0.00000, 0, -108, 4.1, 0.296, 3, 164
2019-02-12 20:19:32.096166,  , rf>12, 179, 437242065, 1186, 1, 3931, 11:1:80, 1:27:12.599, 0,  0.00000,    0.00000, 0, -81, 4.2, 0.993, 3, 164
2019-02-12 20:19:34.932826,  , rf>11, 176, 348774048, 380, 1, 4115, 12:2:19, 20:19:28.589, 0,  0.00000,    0.00000, 0, -111, 4.1, 0.757, 3, 164
2019-02-12 20:19:35.445827,  , rf>12, 180, 437246160, -1, 0, 3178, 11:1:80, 1:27:16.478, 0,  0.00000,    0.00000, 0, -80, 4.2, 1.015, 3, 164
2019-02-12 20:19:38.123334,  , rf>11, 177, 348778327, 372, 2, 3028, 12:2:19, 20:19:32.869, 0,  0.00000,    0.00000, 0, -107, 4.1, 0.258, 3, 164
2019-02-12 20:19:39.600778,  , rf>12, 181, 437249502, 1028, 1, 3992, 11:1:80, 1:27:19.831, 0,  0.00000,    0.00000, 0, -83, 4.2, 1.208, 3, 164
2019-02-12 20:19:43.530784,  , rf>11, 178, 348781519, 426, 2, 4879, 12:2:19, 20:19:35.66, 0,  0.00000,    0.00000, 0, -107, 4.1, 0.361, 3, 164
2019-02-12 20:19:43.668008,  , rf>12, 182, 437253658, 1911, 1, 3426, 11:1:80, 1:27:23.988, 0,  0.00000,    0.00000, 0, -79, 4.2, 1.096, 3, 164
2019-02-12 20:19:47.077457,  , rf>11, 179, 348786923, 675, 1, 3381, 12:2:19, 20:19:40.685, 0,  0.00000,    0.00000, 0, -111, 4.1, 0.303, 3, 525
2019-02-12 20:19:48.687270,  , rf>12, 183, 437257717, 719, 1, 4851, 11:1:80, 1:27:27.49, 0,  0.00000,    0.00000, 0, -82, 4.2, 0.838, 3, 633
2019-02-12 20:19:52.157323,  , rf>12, 184, 437262732, 3077, 1, 3314, 11:1:80, 1:27:32.66, 0,  0.00000,    0.00000, 0, -83, 4.2, 0.980, 3, 164
2019-02-12 20:19:52.589734,  , rf>11, 180, 348790468, 364, 1, 4936, 12:2:19, 20:19:44.18, 0,  0.00000,    0.00000, 0, -112, 4.1, 1.183, 3, 164
2019-02-12 20:19:56.951921,  , rf>12, 185, 437266210, 1559, 1, 4618, 11:1:80, 1:27:36.544, 0,  0.00000,    0.00000, 0, -80, 4.2, 0.993, 3, 164
2019-02-12 20:19:57.599744,  , rf>11, 181, 348795984, 411, 1, 4848, 12:2:19, 20:19:49.537, 0,  0.00000,    0.00000, 0, -112, 4.1, 0.551, 3, 580
2019-02-12 20:20:00.115940,  , rf>12, 186, 437270992, 731, 1, 3004, 11:1:80, 1:27:41.318, 0,  0.00000,    0.00000, 0, -83, 4.2, 1.102, 3, 164
2019-02-12 20:20:02.423585,  , rf>11, 182, 348800996, 371, 1, 4644, 12:2:19, 20:19:55.545, 0,  0.00000,    0.00000, 0, -109, 4.1, 0.477, 3, 164
2019-02-12 20:20:03.894077,  , rf>12, 187, 437274160, 349, 1, 3614, 11:1:80, 1:27:44.497, 0,  0.00000,    0.00000, 0, -80, 4.2, 0.947, 3, 164
2019-02-12 20:20:07.010497,  , rf>11, 183, 348805804, 530, 1, 4424, 12:2:19, 20:20:0.357, 0,  0.00000,    0.00000, 0, -107, 4.1, 1.225, 3, 164
2019-02-12 20:20:07.160371,  , rf>12, 188, 437277938, 442, 1, 3109, 11:1:80, 1:27:48.276, 0,  0.00000,    0.00000, 0, -82, 4.2, 1.189, 3, 164
2019-02-12 20:20:11.759036,  , rf>11, 184, 348810392, 743, 1, 4586, 12:2:19, 20:20:4.289, 0,  0.00000,    0.00000, 0, -109, 4.1, 0.690, 3, 164
2019-02-12 20:20:12.164255,  , rf>12, 189, 437281211, 398, 2, 4830, 11:1:80, 1:27:51.558, 0,  0.00000,    0.00000, 0, -83, 4.2, 1.012, 3, 164
2019-02-12 20:20:16.317684,  , rf>11, 185, 348815142, 409, 1, 4405, 12:2:19, 20:20:9.474, 0,  0.00000,    0.00000, 0, -106, 4.1, 1.289, 3, 164
2019-02-12 20:20:17.136020,  , rf>12, 190, 437286205, 372, 1, 4834, 11:1:80, 1:27:56.534, 0,  0.00000,    0.00000, 0, -83, 4.2, 0.951, 3, 164
2019-02-12 20:20:20.341005,  , rf>11, 186, 348819711, 474, 1, 3868, 12:2:19, 20:20:14.255, 0,  0.00000,    0.00000, 0, -109, 4.1, 1.083, 3, 164
2019-02-12 20:20:20.518494,  , rf>12, 191, 437291203, 1480, 1, 3188, 11:1:80, 1:28:1.544, 0,  0.00000,    0.00000, 0, -83, 4.2, 1.221, 3, 164
2019-02-12 20:20:25.713763,  , rf>12, 192, 437294555, -1, 0, 4677, 11:1:80, 1:28:4.886, 0,  0.00000,    0.00000, 0, -82, 4.2, 1.070, 3, 164
2019-02-12 20:20:26.196443,  , rf>11, 187, 348823743, 290, 1, 4821, 12:2:19, 20:20:18.516, 0,  0.00000,    0.00000, 0, -111, 4.1, 0.000, 3, 164
2019-02-12 20:20:29.037659,  , rf>12, 193, 437299775, -1, 0, 3132, 11:1:80, 1:28:9.118, 0,  0.00000,    0.00000, 0, -83, 4.2, 0.967, 3, 543
2019-02-12 20:20:30.764557,  , rf>11, 188, 348829580, 1298, 1, 4407, 12:2:19, 20:20:23.126, 0,  0.00000,    0.00000, 0, -109, 4.1, 0.770, 3, 1016
2019-02-12 20:20:33.753931,  , rf>12, 194, 437303071, -1, 0, 4565, 11:1:80, 1:28:13.416, 0,  0.00000,    0.00000, 0, -83, 4.2, 1.131, 3, 164
2019-02-12 20:20:35.515006,  , rf>11, 189, 348834151, 3565, 1, 4601, 12:2:19, 20:20:28.710, 0,  0.00000,    0.00000, 0, -108, 4.1, 0.790, 3, 164
2019-02-12 20:20:38.764414,  , rf>11, 190, 348838916, 1304, 1, 3069, 12:2:19, 20:20:33.476, 0,  0.00000,    0.00000, 0, -108, 4.1, 1.260, 3, 164
2019-02-12 20:20:38.893628,  , rf>12, 195, 437307800, -1, 0, 4962, 11:1:80, 1:28:17.146, 0,  0.00000,    0.00000, 0, -83, 4.2, 0.651, 3, 164
2019-02-12 20:20:42.511447,  , rf>12, 196, 437312926, -1, 0, 3463, 11:1:80, 1:28:23.274, 0,  0.00000,    0.00000, 0, -83, 4.2, 1.018, 3, 164
2019-02-12 20:20:43.048964,  , rf>11, 191, 348842149, 606, 1, 4118, 12:2:19, 20:20:36.34, 0,  0.00000,    0.00000, 0, -108, 4.1, 1.376, 3, 164
2019-02-12 20:20:46.675428,  , rf>12, 197, 437316553, -1, 0, 3990, 11:1:80, 1:28:26.910, 0,  0.00000,    0.00000, 0, -83, 4.2, 0.973, 3, 164
2019-02-12 20:20:48.212584,  , rf>11, 192, 348846431, 333, 1, 4986, 12:2:19, 20:20:40.993, 0,  0.00000,    0.00000, 0, -109, 4.1, 0.686, 3, 164
2019-02-12 20:20:49.873837,  , rf>12, 198, 437320707, -1, 0, 3040, 11:1:80, 1:28:30.47, 0,  0.00000,    0.00000, 0, -83, 4.2, 1.076, 3, 164
2019-02-12 20:20:52.362604,  , rf>11, 193, 348851581, 393, 1, 3992, 12:2:19, 20:20:45.139, 0,  0.00000,    0.00000, 0, -108, 4.1, 0.293, 3, 164
2019-02-12 20:20:53.505712,  , rf>12, 199, 437323911, -1, 0, 3469, 11:1:80, 1:28:34.252, 0,  0.00000,    0.00000, 0, -81, 4.2, 0.957, 3, 164
2019-02-12 20:20:55.963700,  , rf>11, 194, 348855737, 607, 1, 3426, 12:2:19, 20:20:50.305, 0,  0.00000,    0.00000, 0, -107, 4.1, 0.139, 3, 164
2019-02-12 20:20:57.579159,  , rf>12, 200, 437327544, -1, 0, 3906, 11:1:80, 1:28:37.895, 0,  0.00000,    0.00000, 0, -84, 4.2, 1.121, 3, 164
2019-02-12 20:21:00.788868,  , rf>11, 195, 348859327, 699, 1, 4678, 12:2:19, 20:20:53.897, 0,  0.00000,    0.00000, 0, -105, 4.1, 0.699, 3, 164
2019-02-12 20:21:02.146382,  , rf>12, 201, 437331614, -1, 0, 4405, 11:1:80, 1:28:41.965, 0,  0.00000,    0.00000, 0, -84, 4.2, 1.028, 3, 164
2019-02-12 20:21:05.010636,  , rf>11, 196, 348864169, 1144, 1, 4057, 12:2:19, 20:20:58.525, 0,  0.00000,    0.00000, 0, -108, 4.1, 1.089, 3, 164
2019-02-12 20:21:05.919821,  , rf>12, 202, 437336183, -1, 0, 3595, 11:1:80, 1:28:46.527, 0,  0.00000,    0.00000, 0, -83, 4.2, 1.038, 3, 164
2019-02-12 20:21:09.281320,  , rf>12, 203, 437339942, 1405, 1, 3206, 11:1:80, 1:28:50.287, 0,  0.00000,    0.00000, 0, -83, 4.2, 1.080, 3, 164
2019-02-12 20:21:09.557812,  , rf>11, 197, 348868390, -1, 0, 4368, 12:2:19, 20:21:2.737, 0,  0.00000,    0.00000, 0, -109, 4.1, 0.577, 3, 164
2019-02-12 20:21:12.725052,  , rf>12, 204, 437343312, -1, 0, 3287, 11:1:80, 1:28:53.668, 0,  0.00000,    0.00000, 0, -83, 4.2, 1.154, 3, 164
2019-02-12 20:21:13.126471,  , rf>11, 198, 348872922, -1, 0, 3411, 12:2:19, 20:21:7.279, 0,  0.00000,    0.00000, 0, -111, 4.1, 0.409, 3, 164
2019-02-12 20:21:17.316940,  , rf>11, 199, 348876497, 2312, 1, 4018, 12:2:19, 20:21:10.856, 0,  0.00000,    0.00000, 0, -107, 4.1, 0.635, 3, 164
2019-02-12 20:21:17.584551,  , rf>12, 205, 437346763, -1, 0, 4684, 11:1:80, 1:28:56.128, 0,  0.00000,    0.00000, 0, -83, 4.2, 0.999, 3, 164
2019-02-12 20:21:20.566791,  , rf>11, 200, 348880679, 1898, 1, 3095, 12:2:19, 20:21:14.39, 0,  0.00000,    0.00000, 0, -109, 4.1, 1.070, 3, 164
2019-02-12 20:21:22.153435,  , rf>12, 206, 437351611, 619, 1, 4413, 11:1:80, 1:29:1.969, 0,  0.00000,    0.00000, 0, -84, 4.2, 1.234, 3, 164
2019-02-12 20:21:24.697324,  , rf>11, 201, 348883938, 480, 1, 3954, 12:2:19, 20:21:18.281, 0,  0.00000,    0.00000, 0, -106, 4.1, 0.113, 3, 164
2019-02-12 20:21:26.791390,  , rf>12, 207, 437356188, 515, 1, 4459, 11:1:80, 1:29:6.537, 0,  0.00000,    0.00000, 0, -84, 4.2, 0.880, 3, 164
2019-02-12 20:21:28.910466,  , rf>11, 202, 348888056, 246, 1, 4040, 12:2:19, 20:21:22.419, 0,  0.00000,    0.00000, 0, -109, 4.1, 0.319, 3, 164
2019-02-12 20:21:30.126905,  , rf>12, 208, 437360811, 390, 1, 3169, 11:1:80, 1:29:10.161, 0,  0.00000,    0.00000, 0, -82, 4.2, 1.131, 3, 164
2019-02-12 20:21:32.309925,  , rf>11, 203, 348892260, 302, 1, 3252, 12:2:19, 20:21:26.623, 0,  0.00000,    0.00000, 0, -111, 4.1, 0.313, 3, 164
2019-02-12 20:21:33.448108,  , rf>12, 209, 437364144, -1, 0, 3163, 11:1:80, 1:29:14.512, 0,  0.00000,    0.00000, 0, -80, 4.2, 1.283, 3, 164
2019-02-12 20:21:37.329739,  , rf>11, 204, 348895676, 307, 1, 4852, 12:2:19, 20:21:30.254, 0,  0.00000,    0.00000, 0, -111, 4.1, 0.287, 3, 164
2019-02-12 20:21:37.876163,  , rf>12, 210, 437367471, 4157, 1, 4259, 11:1:80, 1:29:17.833, 0,  0.00000,    0.00000, 0, -84, 4.2, 1.022, 3, 164
2019-02-12 20:21:41.622694,  , rf>11, 205, 348900692, 231, 1, 4127, 12:2:19, 20:21:34.57, 0,  0.00000,    0.00000, 0, -106, 4.1, 0.245, 3, 164
2019-02-12 20:21:42.899351,  , rf>12, 211, 437371894, 1354, 1, 4869, 11:1:80, 1:29:22.248, 0,  0.00000,    0.00000, 0, -83, 4.2, 1.247, 3, 164
2019-02-12 20:21:45.924232,  , rf>11, 206, 348904983, 259, 1, 4128, 12:2:19, 20:21:39.350, 0,  0.00000,    0.00000, 0, -109, 4.1, 0.548, 3, 164
2019-02-12 20:21:47.483248,  , rf>12, 212, 437376927, 2268, 1, 4404, 11:1:80, 1:29:27.292, 0,  0.00000,    0.00000, 0, -83, 4.2, 1.167, 3, 164
2019-02-12 20:21:50.937057,  , rf>11, 207, 348909275, 270, 2, 4866, 12:2:19, 20:21:43.858, 0,  0.00000,    0.00000, 0, -111, 4.1, 1.012, 3, 164
2019-02-12 20:21:51.747061,  , rf>12, 213, 437381495, 758, 2, 4103, 11:1:80, 1:29:31.861, 0,  0.00000,    0.00000, 0, -83, 4.2, 1.147, 3, 164
2019-02-12 20:21:54.583079,  , rf>11, 208, 348914305, 181, 1, 3463, 12:2:19, 20:21:48.653, 0,  0.00000,    0.00000, 0, -109, 4.1, 0.490, 3, 164
2019-02-12 20:21:56.117614,  , rf>12, 214, 437385762, -1, 0, 4212, 11:1:80, 1:29:35.127, 0,  0.00000,    0.00000, 0, -83, 4.2, 0.996, 3, 164
2019-02-12 20:21:57.762356,  , rf>11, 209, 348917931, 409, 1, 3031, 12:2:19, 20:21:52.290, 0,  0.00000,    0.00000, 0, -108, 4.1, 0.567, 3, 163
2019-02-12 20:22:00.043040,  , rf>12, 215, 437390138, -1, 0, 3764, 11:1:80, 1:29:40.495, 0,  0.00000,    0.00000, 0, -79, 4.2, 1.105, 3, 164
2019-02-12 20:22:01.720918,  , rf>11, 210, 348921126, 756, 1, 3786, 12:2:19, 20:21:55.496, 0,  0.00000,    0.00000, 0, -111, 4.1, 0.164, 3, 164
2019-02-12 20:22:04.124029,  , rf>12, 216, 437394066, -1, 0, 3910, 11:1:80, 1:29:44.424, 0,  0.00000,    0.00000, 0, -83, 4.2, 1.263, 3, 164
2019-02-12 20:22:05.795059,  , rf>11, 211, 348925076, 317, 1, 3906, 12:2:19, 20:21:59.447, 0,  0.00000,    0.00000, 0, -109, 4.1, 0.777, 3, 164
2019-02-12 20:22:08.658319,  , rf>12, 217, 437398140, -1, 0, 4365, 11:1:80, 1:29:48.500, 0,  0.00000,    0.00000, 0, -81, 4.2, 1.115, 3, 164
2019-02-12 20:22:10.754429,  , rf>11, 212, 348929146, 162, 1, 4784, 12:2:19, 20:22:3.730, 0,  0.00000,    0.00000, 0, -109, 4.1, 0.519, 3, 164
2019-02-12 20:22:12.954558,  , rf>12, 218, 437402669, -1, 0, 4142, 11:1:80, 1:29:52.47, 0,  0.00000,    0.00000, 0, -80, 4.2, 1.267, 3, 164
2019-02-12 20:22:15.101387,  , rf>11, 213, 348934094, 488, 1, 4198, 12:2:19, 20:22:8.682, 0,  0.00000,    0.00000, 0, -109, 4.1, 0.274, 3, 164
2019-02-12 20:22:17.136905,  , rf>12, 219, 437406975, 1581, 1, 4029, 11:1:80, 1:29:57.347, 0,  0.00000,    0.00000, 0, -80, 4.2, 1.495, 3, 164
2019-02-12 20:22:20.022895,  , rf>11, 214, 348938456, 2092, 1, 4753, 12:2:19, 20:22:12.39, 0,  0.00000,    0.00000, 0, -111, 4.1, 0.383, 3, 164
2019-02-12 20:22:20.539820,  , rf>12, 220, 437411168, -1, 0, 3216, 11:1:80, 1:30:1.541, 0,  0.00000,    0.00000, 0, -83, 4.2, 1.395, 3, 164
