2019-02-12 19:45:45.693398,  , rf>11, 1, 346746429, 846, 1, 3018, 12:2:19, 19:45:40.650, 0,  0.00000,    0.00000, 0, -96, 4.1, 0.274, 3, 413729
2019-02-12 19:45:46.375007,  , rf>12, 1, 435217111, 1954, 1, 3262, 11:1:80, 0:53:26.916, 0,  0.00000,    0.00000, 0, -85, 4.2, 0.838, 3, 415542
2019-02-12 19:45:50.193286,  , rf>11, 2, 346749611, 800, 1, 4333, 12:2:19, 19:45:43.619, 0,  0.00000,    0.00000, 0, -95, 4.1, 0.280, 3, 164
2019-02-12 19:45:50.841134,  , rf>12, 2, 435220945, 448, 1, 4310, 11:1:80, 0:53:30.752, 0,  0.00000,    0.00000, 0, -86, 4.2, 1.012, 3, 572
2019-02-12 19:45:53.728423,  , rf>11, 3, 346754108, 501, 1, 3373, 12:2:19, 19:45:47.131, 0,  0.00000,    0.00000, 0, -95, 4.1, 0.255, 3, 164
2019-02-12 19:45:54.850843,  , rf>12, 3, 435225419, 481, 1, 3825, 11:1:80, 0:53:35.218, 0,  0.00000,    0.00000, 0, -84, 4.2, 0.951, 3, 164
2019-02-12 19:45:58.455741,  , rf>11, 4, 346757645, 295, 1, 4570, 12:2:19, 19:45:51.669, 0,  0.00000,    0.00000, 0, -97, 4.1, 0.309, 3, 164
2019-02-12 19:45:59.240828,  , rf>12, 4, 435229408, 361, 1, 4236, 11:1:80, 0:53:39.228, 0,  0.00000,    0.00000, 0, -84, 4.2, 0.744, 3, 164
2019-02-12 19:46:02.120260,  , rf>11, 5, 346762379, 373, 1, 3491, 12:2:19, 19:45:56.392, 0,  0.00000,    0.00000, 0, -97, 4.1, 0.271, 3, 164
2019-02-12 19:46:04.153573,  , rf>12, 5, 435233808, 562, 1, 4754, 11:1:80, 0:53:43.611, 0,  0.00000,    0.00000, 0, -84, 4.2, 0.822, 3, 164
2019-02-12 19:46:07.196738,  , rf>11, 6, 346766034, 459, 1, 4900, 12:2:19, 19:45:59.50, 0,  0.00000,    0.00000, 0, -99, 4.1, 0.267, 3, 164
2019-02-12 19:46:08.395438,  , rf>12, 6, 435238726, 279, 1, 4071, 11:1:80, 0:53:48.542, 0,  0.00000,    0.00000, 0, -83, 4.2, 1.083, 3, 164
2019-02-12 19:46:11.094213,  , rf>11, 7, 346771098, 405, 1, 3735, 12:2:19, 19:46:4.125, 0,  0.00000,    0.00000, 0, -97, 4.1, 0.274, 3, 164
2019-02-12 19:46:12.317554,  , rf>12, 7, 435242961, 395, 1, 3747, 11:1:80, 0:53:52.779, 0,  0.00000,    0.00000, 0, -83, 4.2, 0.831, 3, 164
2019-02-12 19:46:14.521358,  , rf>11, 8, 346774997, 405, 1, 3261, 12:2:19, 19:46:8.16, 0,  0.00000,    0.00000, 0, -97, 4.1, 0.309, 3, 164
2019-02-12 19:46:16.339147,  , rf>12, 8, 435246872, 258, 1, 3880, 11:1:80, 0:53:56.692, 0,  0.00000,    0.00000, 0, -83, 4.2, 0.709, 3, 164
2019-02-12 19:46:18.689214,  , rf>11, 9, 346778422, 412, 1, 4015, 12:2:19, 19:46:12.453, 0,  0.00000,    0.00000, 0, -98, 4.1, 0.284, 3, 164
2019-02-12 19:46:20.366219,  , rf>12, 9, 435250916, 275, 1, 3848, 11:1:80, 0:54:0.738, 0,  0.00000,    0.00000, 0, -85, 4.2, 0.748, 3, 164
2019-02-12 19:46:23.721602,  , rf>11, 10, 346782601, 336, 1, 4854, 12:2:19, 19:46:16.637, 0,  0.00000,    0.00000, 0, -99, 4.1, 0.293, 3, 164
2019-02-12 19:46:24.930261,  , rf>12, 10, 435254928, 452, 1, 4396, 11:1:80, 0:54:4.752, 0,  0.00000,    0.00000, 0, -83, 4.2, 0.828, 3, 164
2019-02-12 19:46:27.089110,  , rf>11, 11, 346787619, 281, 1, 3207, 12:2:19, 19:46:21.654, 0,  0.00000,    0.00000, 0, -96, 4.1, 0.245, 3, 164
2019-02-12 19:46:30.046527,  , rf>12, 11, 435259488, 389, 1, 4955, 11:1:80, 0:54:9.314, 0,  0.00000,    0.00000, 0, -84, 4.2, 0.867, 3, 164
2019-02-12 19:46:30.788427,  , rf>11, 12, 346790990, 328, 1, 3542, 12:2:19, 19:46:24.27, 0,  0.00000,    0.00000, 0, -97, 4.1, 0.219, 3, 164
2019-02-12 19:46:34.615083,  , rf>12, 12, 435264607, 337, 1, 4393, 11:1:80, 0:54:14.425, 0,  0.00000,    0.00000, 0, -84, 4.2, 1.015, 3, 164
2019-02-12 19:46:35.398383,  , rf>11, 13, 346794696, 342, 1, 4440, 12:2:19, 19:46:28.738, 0,  0.00000,    0.00000, 0, -96, 4.1, 0.229, 3, 164
2019-02-12 19:46:38.404939,  , rf>12, 13, 435269164, 410, 1, 3625, 11:1:80, 0:54:18.984, 0,  0.00000,    0.00000, 0, -84, 4.2, 0.741, 3, 164
2019-02-12 19:46:39.288588,  , rf>11, 14, 346799300, 255, 1, 3715, 12:2:19, 19:46:33.330, 0,  0.00000,    0.00000, 0, -95, 4.1, 0.242, 3, 164
2019-02-12 19:46:43.368438,  , rf>12, 14, 435272953, 431, 1, 4791, 11:1:80, 0:54:22.774, 0,  0.00000,    0.00000, 0, -84, 4.2, 0.754, 3, 164
2019-02-12 19:46:43.838368,  , rf>11, 15, 346803179, 286, 1, 3975, 12:2:19, 19:46:37.226, 0,  0.00000,    0.00000, 0, -95, 4.1, 0.267, 3, 164
2019-02-12 19:46:47.741754,  , rf>11, 16, 346807744, 261, 1, 3729, 12:2:19, 19:46:41.777, 0,  0.00000,    0.00000, 0, -97, 4.1, 0.235, 3, 590
2019-02-12 19:46:48.134964,  , rf>12, 15, 435277908, 304, 1, 4615, 11:1:80, 0:54:27.732, 0,  0.00000,    0.00000, 0, -83, 4.2, 0.767, 3, 164
2019-02-12 19:46:50.965809,  , rf>11, 17, 346811637, 274, 1, 3069, 12:2:19, 19:46:45.687, 0,  0.00000,    0.00000, 0, -97, 4.1, 0.277, 3, 164
2019-02-12 19:46:52.150131,  , rf>12, 16, 435282687, 291, 1, 3836, 11:1:80, 0:54:32.523, 0,  0.00000,    0.00000, 0, -84, 4.2, 0.941, 3, 164
2019-02-12 19:46:55.262979,  , rf>11, 18, 346814870, 386, 1, 4109, 12:2:19, 19:46:48.917, 0,  0.00000,    0.00000, 0, -97, 4.1, 0.258, 3, 164
2019-02-12 19:46:55.904580,  , rf>12, 17, 435286687, 285, 1, 3107, 11:1:80, 0:54:36.526, 0,  0.00000,    0.00000, 0, -83, 4.2, 1.015, 3, 164
2019-02-12 19:46:59.746418,  , rf>12, 18, 435290442, 348, 1, 3672, 11:1:80, 0:54:39.291, 0,  0.00000,    0.00000, 0, -84, 4.2, 0.941, 3, 648
2019-02-12 19:47:00.216184,  , rf>11, 19, 346819143, 539, 1, 4403, 12:2:19, 19:46:53.459, 0,  0.00000,    0.00000, 0, -98, 4.1, 0.274, 3, 164
2019-02-12 19:47:03.512203,  , rf>12, 19, 435294278, 273, 1, 3603, 11:1:80, 0:54:43.111, 0,  0.00000,    0.00000, 0, -85, 4.2, 1.080, 3, 164
2019-02-12 19:47:04.483384,  , rf>11, 20, 346824114, 418, 1, 4093, 12:2:19, 19:46:57.154, 0,  0.00000,    0.00000, 0, -97, 4.1, 0.271, 3, 568
2019-02-12 19:47:08.072959,  , rf>12, 20, 435298045, 318, 1, 4385, 11:1:80, 0:54:47.899, 0,  0.00000,    0.00000, 0, -83, 4.2, 0.902, 3, 164
2019-02-12 19:47:09.071270,  , rf>11, 21, 346828371, 387, 1, 4428, 12:2:19, 19:47:2.427, 0,  0.00000,    0.00000, 0, -97, 4.1, 0.306, 3, 164
2019-02-12 19:47:12.844869,  , rf>12, 21, 435302594, 284, 1, 4625, 11:1:80, 0:54:52.441, 0,  0.00000,    0.00000, 0, -83, 4.2, 1.038, 3, 164
2019-02-12 19:47:13.510285,  , rf>11, 22, 346832963, 262, 1, 4262, 12:2:19, 19:47:6.18, 0,  0.00000,    0.00000, 0, -98, 4.1, 0.213, 3, 164
2019-02-12 19:47:16.183216,  , rf>12, 22, 435307383, 236, 1, 3160, 11:1:80, 0:54:57.232, 0,  0.00000,    0.00000, 0, -84, 4.2, 0.761, 3, 164
2019-02-12 19:47:17.142227,  , rf>11, 23, 346837389, 344, 1, 3477, 12:2:19, 19:47:11.446, 0,  0.00000,    0.00000, 0, -98, 4.1, 0.229, 3, 164
2019-02-12 19:47:20.087869,  , rf>12, 23, 435310707, 388, 1, 3735, 11:1:80, 0:55:0.567, 0,  0.00000,    0.00000, 0, -83, 4.2, 0.841, 3, 164
2019-02-12 19:47:20.457597,  , rf>11, 24, 346841030, 1041, 1, 3150, 12:2:19, 19:47:14.77, 0,  0.00000,    0.00000, 0, -97, 4.1, 0.251, 3, 164
2019-02-12 19:47:24.931174,  , rf>11, 25, 346844344, 331, 2, 4310, 12:2:19, 19:47:18.394, 0,  0.00000,    0.00000, 0, -98, 4.1, 0.213, 3, 164
2019-02-12 19:47:25.191650,  , rf>12, 24, 435314606, 434, 1, 4953, 11:1:80, 0:55:4.449, 0,  0.00000,    0.00000, 0, -84, 4.2, 0.838, 3, 164
2019-02-12 19:47:28.928717,  , rf>11, 26, 346848818, 328, 1, 3825, 12:2:19, 19:47:22.881, 0,  0.00000,    0.00000, 0, -97, 4.1, 0.245, 3, 164
2019-02-12 19:47:30.203364,  , rf>12, 25, 435319723, 338, 1, 4844, 11:1:80, 0:55:9.579, 0,  0.00000,    0.00000, 0, -85, 4.2, 0.815, 3, 164
2019-02-12 19:47:33.329155,  , rf>11, 27, 346852807, 388, 1, 4236, 12:2:19, 19:47:26.873, 0,  0.00000,    0.00000, 0, -97, 4.1, 0.242, 3, 164
2019-02-12 19:47:34.977835,  , rf>12, 26, 435324731, 264, 1, 4601, 11:1:80, 0:55:14.598, 0,  0.00000,    0.00000, 0, -84, 4.2, 1.025, 3, 164
2019-02-12 19:47:38.260585,  , rf>11, 28, 346857207, 380, 1, 4754, 12:2:19, 19:47:31.275, 0,  0.00000,    0.00000, 0, -97, 4.1, 0.242, 3, 164
2019-02-12 19:47:39.265250,  , rf>12, 27, 435329496, 261, 1, 4115, 11:1:80, 0:55:19.356, 0,  0.00000,    0.00000, 0, -84, 4.2, 0.973, 3, 164
2019-02-12 19:47:42.483781,  , rf>11, 29, 346862125, 409, 1, 4071, 12:2:19, 19:47:36.186, 0,  0.00000,    0.00000, 0, -98, 4.1, 0.258, 3, 164
2019-02-12 19:47:43.895357,  , rf>12, 28, 435333775, 296, 1, 4480, 11:1:80, 0:55:23.637, 0,  0.00000,    0.00000, 0, -84, 4.2, 0.851, 3, 164
2019-02-12 19:47:46.401680,  , rf>11, 30, 346866360, 280, 1, 3747, 12:2:19, 19:47:40.434, 0,  0.00000,    0.00000, 0, -98, 4.1, 0.264, 3, 164
2019-02-12 19:47:48.816780,  , rf>12, 29, 435338419, 298, 1, 4752, 11:1:80, 0:55:28.273, 0,  0.00000,    0.00000, 0, -84, 4.2, 0.770, 3, 164
2019-02-12 19:47:50.445592,  , rf>11, 31, 346870271, 343, 1, 3880, 12:2:19, 19:47:44.339, 0,  0.00000,    0.00000, 0, -98, 4.1, 0.280, 3, 164
2019-02-12 19:47:52.781578,  , rf>12, 30, 435343335, 344, 1, 3800, 11:1:80, 0:55:33.201, 0,  0.00000,    0.00000, 0, -84, 4.2, 0.838, 3, 164
2019-02-12 19:47:54.462643,  , rf>11, 32, 346874315, 289, 1, 3848, 12:2:19, 19:47:48.395, 0,  0.00000,    0.00000, 0, -98, 4.1, 0.293, 3, 164
2019-02-12 19:47:57.402164,  , rf>12, 31, 435347299, 304, 1, 4451, 11:1:80, 0:55:36.157, 0,  0.00000,    0.00000, 0, -85, 4.2, 0.883, 3, 164
2019-02-12 19:47:59.030463,  , rf>11, 33, 346878327, 2051, 1, 4396, 12:2:19, 19:47:52.412, 0,  0.00000,    0.00000, 0, -97, 4.1, 0.248, 3, 164
2019-02-12 19:48:02.207381,  , rf>12, 32, 435351914, 285, 1, 4622, 11:1:80, 0:55:41.784, 0,  0.00000,    0.00000, 0, -84, 4.2, 0.999, 3, 164
2019-02-12 19:48:04.150546,  , rf>11, 34, 346882887, 1847, 1, 4955, 12:2:19, 19:47:56.977, 0,  0.00000,    0.00000, 0, -98, 4.1, 0.226, 3, 164
2019-02-12 19:48:06.902682,  , rf>12, 33, 435356700, 240, 1, 4539, 11:1:80, 0:55:46.580, 0,  0.00000,    0.00000, 0, -85, 4.2, 0.790, 3, 164
2019-02-12 19:48:08.710091,  , rf>11, 35, 346888006, 446, 1, 4393, 12:2:19, 19:48:1.98, 0,  0.00000,    0.00000, 0, -98, 4.1, 0.245, 3, 164
2019-02-12 19:48:11.464058,  , rf>12, 34, 435361403, 253, 1, 4402, 11:1:80, 0:55:51.278, 0,  0.00000,    0.00000, 0, -84, 4.2, 0.751, 3, 164
2019-02-12 19:48:12.517301,  , rf>11, 36, 346892563, 459, 1, 3625, 12:2:19, 19:48:6.655, 0,  0.00000,    0.00000, 0, -98, 4.1, 0.242, 3, 164
2019-02-12 19:48:15.578576,  , rf>12, 35, 435365969, 347, 1, 3944, 11:1:80, 0:55:55.846, 0,  0.00000,    0.00000, 0, -84, 4.2, 0.825, 3, 164
2019-02-12 19:48:17.456907,  , rf>11, 37, 346896352, 349, 1, 4791, 12:2:19, 19:48:10.437, 0,  0.00000,    0.00000, 0, -98, 4.1, 0.235, 3, 164
2019-02-12 19:48:19.354668,  , rf>12, 36, 435370077, 256, 1, 3611, 11:1:80, 0:55:59.956, 0,  0.00000,    0.00000, 0, -85, 4.2, 0.838, 3, 164
2019-02-12 19:48:22.239869,  , rf>11, 38, 346901307, 339, 1, 4615, 12:2:19, 19:48:15.404, 0,  0.00000,    0.00000, 0, -98, 4.1, 0.226, 3, 164
2019-02-12 19:48:24.371553,  , rf>12, 37, 435373852, 226, 1, 4845, 11:1:80, 0:56:3.734, 0,  0.00000,    0.00000, 0, -85, 4.2, 0.922, 3, 164
2019-02-12 19:48:26.246048,  , rf>11, 39, 346906086, 385, 1, 3836, 12:2:19, 19:48:19.185, 0,  0.00000,    0.00000, 0, -98, 4.1, 0.251, 3, 164
2019-02-12 19:48:27.929348,  , rf>12, 38, 435378861, 212, 1, 3388, 11:1:80, 0:56:8.754, 0,  0.00000,    0.00000, 0, -85, 4.2, 1.241, 3, 164
2019-02-12 19:48:29.512840,  , rf>11, 40, 346910086, 215, 1, 3107, 12:2:19, 19:48:23.177, 0,  0.00000,    0.00000, 0, -98, 4.1, 0.261, 3, 164
2019-02-12 19:48:32.582895,  , rf>12, 39, 435382413, 332, 1, 4505, 11:1:80, 0:56:12.309, 0,  0.00000,    0.00000, 0, -85, 4.2, 1.199, 3, 164
2019-02-12 19:48:33.215634,  , rf>11, 41, 346913357, 300, 1, 3523, 12:2:19, 19:48:27.450, 0,  0.00000,    0.00000, 0, -99, 4.1, 0.229, 3, 164
2019-02-12 19:48:36.867866,  , rf>12, 40, 435387082, 308, 1, 4114, 11:1:80, 0:56:16.963, 0,  0.00000,    0.00000, 0, -84, 4.2, 0.815, 3, 164
2019-02-12 19:48:37.540061,  , rf>11, 42, 346917044, 286, 1, 4170, 12:2:19, 19:48:30.138, 0,  0.00000,    0.00000, 0, -98, 4.1, 0.219, 3, 164
2019-02-12 19:48:40.787218,  , rf>12, 41, 435391360, 282, 1, 3746, 11:1:80, 0:56:21.254, 0,  0.00000,    0.00000, 0, -85, 4.2, 0.790, 3, 164
2019-02-12 19:48:41.453602,  , rf>11, 43, 346921378, 188, 1, 3244, 12:2:19, 19:48:35.488, 0,  0.00000,    0.00000, 0, -99, 4.1, 0.238, 3, 164
2019-02-12 19:48:44.623688,  , rf>12, 42, 435395270, 392, 1, 3664, 11:1:80, 0:56:24.157, 0,  0.00000,    0.00000, 0, -85, 4.2, 0.844, 3, 164
2019-02-12 19:48:46.247730,  , rf>11, 44, 346925285, 238, 1, 4625, 12:2:19, 19:48:38.393, 0,  0.00000,    0.00000, 0, -99, 4.1, 0.206, 3, 663
2019-02-12 19:48:48.210620,  , rf>12, 43, 435399098, 613, 1, 3438, 11:1:80, 0:56:28.4, 0,  0.00000,    0.00000, 0, -85, 4.2, 0.812, 3, 164
2019-02-12 19:48:49.580933,  , rf>11, 45, 346930074, 321, 1, 3160, 12:2:19, 19:48:43.187, 0,  0.00000,    0.00000, 0, -98, 4.1, 0.245, 3, 164
2019-02-12 19:48:52.438211,  , rf>12, 44, 435402700, 382, 1, 4060, 11:1:80, 0:56:32.610, 0,  0.00000,    0.00000, 0, -84, 4.2, 0.780, 3, 164
2019-02-12 19:48:53.476903,  , rf>11, 46, 346933398, 433, 1, 3735, 12:2:19, 19:48:47.516, 0,  0.00000,    0.00000, 0, -97, 4.1, 0.258, 3, 164
2019-02-12 19:48:55.661552,  , rf>12, 45, 435406924, 294, 1, 3044, 11:1:80, 0:56:36.820, 0,  0.00000,    0.00000, 0, -85, 4.2, 0.793, 3, 164
2019-02-12 19:48:58.587712,  , rf>11, 47, 346937297, 549, 1, 4953, 12:2:19, 19:48:51.402, 0,  0.00000,    0.00000, 0, -97, 4.1, 0.261, 3, 164
2019-02-12 19:49:00.762606,  , rf>12, 46, 435410132, 306, 1, 4939, 11:1:80, 0:56:39.40, 0,  0.00000,    0.00000, 0, -84, 4.2, 0.790, 3, 164
2019-02-12 19:49:03.611302,  , rf>11, 48, 346942414, 254, 1, 4844, 12:2:19, 19:48:56.523, 0,  0.00000,    0.00000, 0, -100, 4.1, 0.261, 3, 164
2019-02-12 19:49:04.577510,  , rf>12, 47, 435415235, 342, 1, 3640, 11:1:80, 0:56:44.135, 0,  0.00000,    0.00000, 0, -84, 4.2, 0.918, 3, 164
2019-02-12 19:49:08.359531,  , rf>11, 49, 346947422, 278, 1, 4601, 12:2:19, 19:49:1.544, 0,  0.00000,    0.00000, 0, -100, 4.1, 0.255, 3, 164
2019-02-12 19:49:08.839011,  , rf>12, 48, 435419039, 520, 1, 4113, 11:1:80, 0:56:48.962, 0,  0.00000,    0.00000, 0, -85, 4.2, 0.877, 3, 164
2019-02-12 19:49:12.648665,  , rf>11, 50, 346952187, 292, 1, 4115, 12:2:19, 19:49:6.309, 0,  0.00000,    0.00000, 0, -99, 4.1, 0.255, 3, 164
2019-02-12 19:49:13.764485,  , rf>12, 49, 435423316, 581, 1, 4747, 11:1:80, 0:56:53.231, 0,  0.00000,    0.00000, 0, -84, 4.2, 1.080, 3, 164
2019-02-12 19:49:17.297467,  , rf>11, 51, 346956466, 335, 1, 4480, 12:2:19, 19:49:10.594, 0,  0.00000,    0.00000, 0, -99, 4.1, 0.261, 3, 164
2019-02-12 19:49:18.557439,  , rf>12, 50, 435428227, 347, 1, 4623, 11:1:80, 0:56:57.145, 0,  0.00000,    0.00000, 0, -84, 4.2, 0.889, 3, 164
2019-02-12 19:49:22.174205,  , rf>12, 51, 435433014, 290, 1, 3446, 11:1:80, 0:57:2.942, 0,  0.00000,    0.00000, 0, -85, 4.2, 0.896, 3, 164
2019-02-12 19:49:22.601849,  , rf>11, 52, 346961110, 281, 1, 4752, 12:2:19, 19:49:15.225, 0,  0.00000,    0.00000, 0, -100, 4.1, 0.232, 3, 164
2019-02-12 19:49:25.515963,  , rf>12, 52, 435436624, 209, 1, 3186, 11:1:80, 0:57:6.536, 0,  0.00000,    0.00000, 0, -85, 4.2, 0.844, 3, 164
2019-02-12 19:49:26.823395,  , rf>11, 53, 346966419, 331, 1, 4039, 12:2:19, 19:49:19.548, 0,  0.00000,    0.00000, 0, -99, 4.1, 0.280, 3, 557
2019-02-12 19:49:29.843044,  , rf>12, 53, 435439974, 250, 1, 4155, 11:1:80, 0:57:9.899, 0,  0.00000,    0.00000, 0, -84, 4.2, 0.925, 3, 164
2019-02-12 19:49:31.131210,  , rf>11, 54, 346970622, 382, 1, 4160, 12:2:19, 19:49:24.753, 0,  0.00000,    0.00000, 0, -99, 4.1, 0.232, 3, 164
2019-02-12 19:49:34.637932,  , rf>12, 54, 435444293, 203, 1, 4627, 11:1:80, 0:57:14.220, 0,  0.00000,    0.00000, 0, -85, 4.2, 0.973, 3, 164
2019-02-12 19:49:35.510106,  , rf>11, 55, 346974946, 355, 1, 4200, 12:2:19, 19:49:28.83, 0,  0.00000,    0.00000, 0, -99, 4.1, 0.267, 3, 164
2019-02-12 19:49:39.683391,  , rf>12, 55, 435449084, 178, 1, 4881, 11:1:80, 0:57:18.12, 0,  0.00000,    0.00000, 0, -85, 4.2, 1.115, 3, 164
2019-02-12 19:49:40.490570,  , rf>11, 56, 346979310, 285, 1, 4812, 12:2:19, 19:49:33.445, 0,  0.00000,    0.00000, 0, -99, 4.1, 0.213, 3, 164
2019-02-12 19:49:43.045994,  , rf>12, 56, 435454129, 204, 1, 3203, 11:1:80, 0:57:23.50, 0,  0.00000,    0.00000, 0, -85, 4.2, 0.989, 3, 164
2019-02-12 19:49:44.154516,  , rf>11, 57, 346984286, 298, 1, 3509, 12:2:19, 19:49:38.428, 0,  0.00000,    0.00000, 0, -98, 4.1, 0.277, 3, 164
2019-02-12 19:49:47.969941,  , rf>12, 57, 435457496, 299, 1, 4374, 11:1:80, 0:57:27.418, 0,  0.00000,    0.00000, 0, -84, 4.2, 0.777, 3, 164
2019-02-12 19:49:48.831417,  , rf>11, 58, 346987959, 522, 1, 3233, 12:2:19, 19:49:41.101, 0,  0.00000,    0.00000, 0, -99, 4.1, 0.280, 3, 164
2019-02-12 19:49:52.553114,  , rf>12, 58, 435462407, 218, 1, 4417, 11:1:80, 0:57:31.350, 0,  0.00000,    0.00000, 0, -85, 4.2, 1.080, 3, 537
2019-02-12 19:49:53.838465,  , rf>11, 59, 346992625, 333, 1, 4845, 12:2:19, 19:49:45.765, 0,  0.00000,    0.00000, 0, -99, 4.1, 0.238, 3, 1433
2019-02-12 19:50:03.240064,  , rf>12, 60, 435473377, 253, 1, 4140, 11:1:80, 0:57:41.307, 0,  0.00000,    0.00000, 0, -84, 4.2, 1.115, 3, 1685
2019-02-12 19:50:04.398370,  , rf>11, 61, 347002796, 161, 1, 4475, 12:2:19, 19:49:55.933, 0,  0.00000,    0.00000, 0, -97, 4.1, 0.245, 3, 1774
2019-02-12 19:50:06.894239,  , rf>12, 61, 435477681, 323, 1, 3488, 11:1:80, 0:57:47.615, 0,  0.00000,    0.00000, 0, -84, 4.2, 0.738, 3, 164
2019-02-12 19:50:09.253585,  , rf>11, 62, 347008187, 295, 1, 4694, 12:2:19, 19:50:1.328, 0,  0.00000,    0.00000, 0, -96, 4.1, 0.235, 3, 916
2019-02-12 19:50:10.621290,  , rf>12, 62, 435481333, 478, 1, 3556, 11:1:80, 0:57:51.287, 0,  0.00000,    0.00000, 0, -85, 4.2, 0.661, 3, 164
2019-02-12 19:50:13.701809,  , rf>11, 63, 347013045, 274, 1, 4267, 12:2:19, 19:50:7.191, 0,  0.00000,    0.00000, 0, -98, 4.1, 0.264, 3, 164
2019-02-12 19:50:15.346225,  , rf>12, 63, 435485053, 301, 1, 4566, 11:1:80, 0:57:54.0, 0,  0.00000,    0.00000, 0, -84, 4.2, 0.780, 3, 164
2019-02-12 19:50:17.973842,  , rf>11, 64, 347017476, 360, 1, 4108, 12:2:19, 19:50:11.634, 0,  0.00000,    0.00000, 0, -96, 4.1, 0.245, 3, 164
2019-02-12 19:50:19.316174,  , rf>12, 64, 435489783, 376, 1, 3808, 11:1:80, 0:57:59.742, 0,  0.00000,    0.00000, 0, -85, 4.2, 0.728, 3, 164
2019-02-12 19:50:21.246525,  , rf>11, 65, 347021748, 551, 1, 3104, 12:2:19, 19:50:15.898, 0,  0.00000,    0.00000, 0, -96, 4.1, 0.258, 3, 164
2019-02-12 19:50:22.613155,  , rf>12, 65, 435493755, 335, 1, 3128, 11:1:80, 0:58:3.697, 0,  0.00000,    0.00000, 0, -84, 4.2, 1.012, 3, 164
2019-02-12 19:50:25.602827,  , rf>11, 66, 347025016, 335, 1, 4197, 12:2:19, 19:50:18.168, 0,  0.00000,    0.00000, 0, -96, 4.1, 0.242, 3, 164
2019-02-12 19:50:26.418510,  , rf>12, 66, 435497047, 351, 1, 3629, 11:1:80, 0:58:6.0, 0,  0.00000,    0.00000, 0, -85, 4.2, 0.777, 3, 164
2019-02-12 19:50:29.644880,  , rf>11, 67, 347029377, 415, 1, 3897, 12:2:19, 19:50:23.545, 0,  0.00000,    0.00000, 0, -97, 4.1, 0.235, 3, 164
2019-02-12 19:50:30.568406,  , rf>12, 67, 435500840, 244, 1, 3988, 11:1:80, 0:58:10.796, 0,  0.00000,    0.00000, 0, -84, 4.2, 0.954, 3, 164
2019-02-12 19:50:33.073710,  , rf>11, 68, 347033438, 365, 1, 3243, 12:2:19, 19:50:27.604, 0,  0.00000,    0.00000, 0, -97, 4.1, 0.219, 3, 164
2019-02-12 19:50:34.126883,  , rf>12, 68, 435504992, 20, 1, 3377, 11:1:80, 0:58:14.950, 0,  0.00000,    0.00000, 0, -84, 4.2, 0.000, 3, 164
2019-02-12 19:50:36.992216,  , rf>11, 69, 347036845, 318, 1, 3754, 12:2:19, 19:50:30.13, 0,  0.00000,    0.00000, 0, -97, 4.1, 0.229, 3, 164
2019-02-12 19:50:38.599959,  , rf>12, 69, 435508533, 235, 1, 4322, 11:1:80, 0:58:18.492, 0,  0.00000,    0.00000, 0, -85, 4.2, 0.922, 3, 164
2019-02-12 19:50:40.843914,  , rf>11, 70, 347040763, 451, 1, 3684, 12:2:19, 19:50:34.937, 0,  0.00000,    0.00000, 0, -96, 4.1, 0.248, 3, 164
2019-02-12 19:50:43.616531,  , rf>12, 70, 435513019, 309, 1, 4849, 11:1:80, 0:58:22.981, 0,  0.00000,    0.00000, 0, -84, 4.2, 0.986, 3, 164
2019-02-12 19:50:45.031713,  , rf>11, 71, 347044611, 418, 1, 4019, 12:2:19, 19:50:38.787, 0,  0.00000,    0.00000, 0, -98, 4.1, 0.245, 3, 164
2019-02-12 19:50:47.182963,  , rf>12, 71, 435518032, 413, 1, 3399, 11:1:80, 0:58:27.986, 0,  0.00000,    0.00000, 0, -85, 4.2, 0.657, 3, 164
2019-02-12 19:50:50.122096,  , rf>11, 72, 347048794, 350, 1, 4949, 12:2:19, 19:50:42.971, 0,  0.00000,    0.00000, 0, -96, 4.1, 0.267, 3, 164
2019-02-12 19:50:51.250112,  , rf>12, 72, 435521595, 274, 1, 3910, 11:1:80, 0:58:31.551, 0,  0.00000,    0.00000, 0, -85, 4.2, 0.835, 3, 164
2019-02-12 19:50:53.323532,  , rf>11, 73, 347053907, 347, 1, 3009, 12:2:19, 19:50:47.87, 0,  0.00000,    0.00000, 0, -96, 4.1, 0.248, 3, 164
2019-02-12 19:50:56.134022,  , rf>12, 73, 435525669, 276, 1, 4704, 11:1:80, 0:58:35.628, 0,  0.00000,    0.00000, 0, -85, 4.2, 0.748, 3, 164
2019-02-12 19:50:56.723433,  , rf>11, 74, 347057080, 356, 1, 3239, 12:2:19, 19:50:51.258, 0,  0.00000,    0.00000, 0, -95, 4.1, 0.248, 3, 164
2019-02-12 19:50:59.888958,  , rf>12, 74, 435530537, 210, 1, 3603, 11:1:80, 0:58:40.506, 0,  0.00000,    0.00000, 0, -85, 4.2, 0.812, 3, 164
2019-02-12 19:51:01.385953,  , rf>11, 75, 347060483, 406, 1, 4506, 12:2:19, 19:50:54.664, 0,  0.00000,    0.00000, 0, -96, 4.1, 0.255, 3, 164
2019-02-12 19:51:03.551163,  , rf>12, 75, 435534304, 198, 1, 3499, 11:1:80, 0:58:44.277, 0,  0.00000,    0.00000, 0, -85, 4.2, 1.199, 3, 164
2019-02-12 19:51:06.262909,  , rf>11, 76, 347065153, 269, 1, 4725, 12:2:19, 19:50:59.335, 0,  0.00000,    0.00000, 0, -95, 4.1, 0.248, 3, 164
2019-02-12 19:51:07.278188,  , rf>12, 76, 435537967, 247, 1, 3550, 11:1:80, 0:58:47.949, 0,  0.00000,    0.00000, 0, -85, 4.2, 1.067, 3, 164
2019-02-12 19:51:11.046142,  , rf>11, 77, 347070042, 278, 1, 4599, 12:2:19, 19:51:4.216, 0,  0.00000,    0.00000, 0, -96, 4.1, 0.271, 3, 164
2019-02-12 19:51:12.254882,  , rf>12, 77, 435541681, 249, 1, 4808, 11:1:80, 0:58:51.648, 0,  0.00000,    0.00000, 0, -85, 4.2, 0.896, 3, 164
2019-02-12 19:51:14.900273,  , rf>11, 78, 347074805, 403, 1, 3687, 12:2:19, 19:51:8.991, 0,  0.00000,    0.00000, 0, -96, 4.1, 0.242, 3, 164
2019-02-12 19:51:15.878158,  , rf>12, 78, 435546653, 249, 1, 3467, 11:1:80, 0:58:56.632, 0,  0.00000,    0.00000, 0, -84, 4.2, 0.873, 3, 164
2019-02-12 19:51:19.205596,  , rf>12, 79, 435550284, 317, 1, 3154, 11:1:80, 0:59:0.265, 0,  0.00000,    0.00000, 0, -84, 4.2, 0.735, 3, 164
2019-02-12 19:51:19.482346,  , rf>11, 79, 347078656, 357, 1, 4417, 12:2:19, 19:51:12.848, 0,  0.00000,    0.00000, 0, -95, 4.1, 0.242, 3, 164
2019-02-12 19:51:22.416556,  , rf>12, 80, 435553602, 256, 1, 3061, 11:1:80, 0:59:3.573, 0,  0.00000,    0.00000, 0, -85, 4.2, 0.761, 3, 164
2019-02-12 19:51:24.354428,  , rf>11, 80, 347083237, 295, 1, 4704, 12:2:19, 19:51:17.418, 0,  0.00000,    0.00000, 0, -96, 4.1, 0.245, 3, 164
2019-02-12 19:51:26.740442,  , rf>12, 81, 435556827, 261, 1, 4144, 11:1:80, 0:59:6.811, 0,  0.00000,    0.00000, 0, -84, 4.2, 0.619, 3, 164
2019-02-12 19:51:27.556744,  , rf>11, 81, 347088105, 297, 1, 3028, 12:2:19, 19:51:22.298, 0,  0.00000,    0.00000, 0, -96, 4.1, 0.261, 3, 164
2019-02-12 19:51:31.042621,  , rf>12, 82, 435561135, 207, 1, 4138, 11:1:80, 0:59:10.121, 0,  0.00000,    0.00000, 0, -85, 4.2, 0.854, 3, 164
2019-02-12 19:51:32.703077,  , rf>11, 82, 347091297, 443, 1, 4993, 12:2:19, 19:51:25.492, 0,  0.00000,    0.00000, 0, -98, 4.1, 0.277, 3, 164
2019-02-12 19:51:34.626925,  , rf>12, 83, 435565437, 277, 1, 3411, 11:1:80, 0:59:15.415, 0,  0.00000,    0.00000, 0, -86, 4.2, 0.786, 3, 164
2019-02-12 19:51:37.619013,  , rf>11, 83, 347096454, 317, 1, 4735, 12:2:19, 19:51:30.652, 0,  0.00000,    0.00000, 0, -95, 4.1, 0.261, 3, 164
2019-02-12 19:51:39.643569,  , rf>12, 84, 435569012, 270, 1, 4850, 11:1:80, 0:59:18.2, 0,  0.00000,    0.00000, 0, -84, 4.2, 0.735, 3, 164
2019-02-12 19:51:41.873157,  , rf>11, 84, 347101353, 326, 1, 4103, 12:2:19, 19:51:35.552, 0,  0.00000,    0.00000, 0, -95, 4.1, 0.245, 3, 164
2019-02-12 19:51:44.265202,  , rf>12, 85, 435574026, 232, 1, 4470, 11:1:80, 0:59:23.26, 0,  0.00000,    0.00000, 0, -83, 4.2, 1.025, 3, 164
2019-02-12 19:51:46.659341,  , rf>11, 85, 347105620, 426, 1, 4609, 12:2:19, 19:51:39.823, 0,  0.00000,    0.00000, 0, -95, 4.1, 0.235, 3, 164
2019-02-12 19:51:48.424268,  , rf>12, 86, 435578660, 243, 1, 3984, 11:1:80, 0:59:28.654, 0,  0.00000,    0.00000, 0, -83, 4.2, 0.764, 3, 164
2019-02-12 19:51:50.674036,  , rf>11, 86, 347110393, 354, 1, 3846, 12:2:19, 19:51:44.603, 0,  0.00000,    0.00000, 0, -95, 4.1, 0.290, 3, 164
2019-02-12 19:51:52.828059,  , rf>12, 87, 435582808, 576, 1, 4244, 11:1:80, 0:59:32.804, 0,  0.00000,    0.00000, 0, -85, 4.2, 0.722, 3, 164
2019-02-12 19:51:53.997155,  , rf>11, 87, 347114403, 387, 1, 3154, 12:2:19, 19:51:48.615, 0,  0.00000,    0.00000, 0, -95, 4.1, 0.274, 3, 164
2019-02-12 19:51:57.135421,  , rf>12, 88, 435587216, 856, 1, 4142, 11:1:80, 0:59:37.214, 0,  0.00000,    0.00000, 0, -85, 4.2, 0.915, 3, 164
2019-02-12 19:51:58.114598,  , rf>11, 88, 347117721, 531, 1, 3952, 12:2:19, 19:51:51.933, 0,  0.00000,    0.00000, 0, -95, 4.1, 0.293, 3, 164
2019-02-12 19:52:00.697783,  , rf>12, 89, 435591522, 706, 1, 3408, 11:1:80, 0:59:41.522, 0,  0.00000,    0.00000, 0, -86, 4.2, 0.944, 3, 164
2019-02-12 19:52:02.751368,  , rf>11, 89, 347121837, 393, 1, 4474, 12:2:19, 19:51:55.53, 0,  0.00000,    0.00000, 0, -93, 4.1, 0.238, 3, 164
2019-02-12 19:52:04.977483,  , rf>12, 90, 435595094, 701, 1, 4100, 11:1:80, 0:59:44.86, 0,  0.00000,    0.00000, 0, -85, 4.2, 1.002, 3, 164
2019-02-12 19:52:06.885644,  , rf>11, 90, 347126475, 352, 1, 3957, 12:2:19, 19:52:0.693, 0,  0.00000,    0.00000, 0, -96, 4.1, 0.255, 3, 164
2019-02-12 19:52:09.193296,  , rf>12, 91, 435599358, 603, 1, 4040, 11:1:80, 0:59:49.362, 0,  0.00000,    0.00000, 0, -84, 4.2, 0.886, 3, 164
2019-02-12 19:52:10.614965,  , rf>11, 91, 347130596, 348, 1, 3564, 12:2:19, 19:52:4.806, 0,  0.00000,    0.00000, 0, -96, 4.1, 0.222, 3, 164
2019-02-12 19:52:13.380258,  , rf>12, 92, 435603562, 468, 1, 4028, 11:1:80, 0:59:53.568, 0,  0.00000,    0.00000, 0, -86, 4.2, 0.709, 3, 164
2019-02-12 19:52:15.037982,  , rf>11, 92, 347134324, 398, 1, 4269, 12:2:19, 19:52:8.548, 0,  0.00000,    0.00000, 0, -95, 4.1, 0.209, 3, 164
2019-02-12 19:52:18.423219,  , rf>12, 93, 435607754, 359, 1, 4870, 11:1:80, 0:59:57.761, 0,  0.00000,    0.00000, 0, -86, 4.2, 0.699, 3, 164
2019-02-12 19:52:19.798655,  , rf>11, 93, 347138757, 506, 1, 4581, 12:2:19, 19:52:12.983, 0,  0.00000,    0.00000, 0, -96, 4.1, 0.245, 3, 164
2019-02-12 19:52:23.018459,  , rf>11, 94, 347143502, 325, 1, 3052, 12:2:19, 19:52:17.735, 0,  0.00000,    0.00000, 0, -96, 4.1, 0.251, 3, 164
2019-02-12 19:52:23.145659,  , rf>12, 94, 435612788, 221, 1, 4557, 11:1:80, 1:0:2.807, 0,  0.00000,    0.00000, 0, -86, 4.2, 0.838, 3, 164
2019-02-12 19:52:27.877713,  , rf>11, 95, 347146718, 434, 1, 4701, 12:2:19, 19:52:20.329, 0,  0.00000,    0.00000, 0, -96, 4.1, 0.000, 3, 164
2019-02-12 19:52:28.368323,  , rf>12, 95, 435617509, 258, 1, 4677, 11:1:80, 1:0:7.522, 0,  0.00000,    0.00000, 0, -108, 4.2, 0.976, 3, 164
2019-02-12 19:52:31.641546,  , rf>11, 96, 347151582, -1, 0, 3603, 12:2:19, 19:52:25.596, 0,  0.00000,    0.00000, 0, -96, 4.1, 0.238, 3, 163
2019-02-12 19:52:32.515171,  , rf>12, 96, 435622740, 234, 1, 3606, 11:1:80, 1:0:12.755, 0,  0.00000,    0.00000, 0, -85, 4.2, 0.677, 3, 554
2019-02-12 19:52:36.723049,  , rf>12, 97, 435626884, 449, 1, 4027, 11:1:80, 1:0:16.905, 0,  0.00000,    0.00000, 0, -86, 4.2, 0.754, 3, 538
2019-02-12 19:52:37.587224,  , rf>11, 97, 347155349, 330, 1, 4956, 12:2:19, 19:52:29.586, 0,  0.00000,    0.00000, 0, -95, 4.1, 0.226, 3, 164
2019-02-12 19:52:40.535253,  , rf>12, 98, 435631075, 300, 1, 3648, 11:1:80, 1:0:20.97, 0,  0.00000,    0.00000, 0, -87, 4.2, 1.047, 3, 164
2019-02-12 19:52:41.851579,  , rf>11, 98, 347161292, 367, 1, 4098, 12:2:19, 19:52:34.532, 0,  0.00000,    0.00000, 0, -96, 4.1, 0.245, 3, 987
2019-02-12 19:52:44.347755,  , rf>12, 99, 435634887, 301, 1, 3655, 11:1:80, 1:0:24.912, 0,  0.00000,    0.00000, 0, -87, 4.2, 0.976, 3, 164
2019-02-12 19:52:46.603924,  , rf>11, 99, 347165554, 418, 1, 4589, 12:2:19, 19:52:39.798, 0,  0.00000,    0.00000, 0, -96, 4.1, 0.226, 3, 164
2019-02-12 19:52:47.750183,  , rf>12, 100, 435638706, 264, 1, 3230, 11:1:80, 1:0:28.733, 0,  0.00000,    0.00000, 0, -87, 4.2, 0.896, 3, 164
2019-02-12 19:52:51.705502,  , rf>11, 100, 347170307, 335, 1, 4928, 12:2:19, 19:52:44.540, 0,  0.00000,    0.00000, 0, -95, 4.1, 0.245, 3, 164
2019-02-12 19:52:52.305956,  , rf>12, 101, 435642100, 222, 1, 4391, 11:1:80, 1:0:31.139, 0,  0.00000,    0.00000, 0, -86, 4.2, 0.989, 3, 164
2019-02-12 19:52:55.441110,  , rf>11, 101, 347175399, 385, 1, 3576, 12:2:19, 19:52:49.643, 0,  0.00000,    0.00000, 0, -95, 4.1, 0.300, 3, 164
2019-02-12 19:52:55.761991,  , rf>12, 102, 435646655, 247, 1, 3314, 11:1:80, 1:0:36.687, 0,  0.00000,    0.00000, 0, -84, 4.2, 0.886, 3, 164
2019-02-12 19:52:59.384682,  , rf>11, 102, 347179139, 356, 1, 3783, 12:2:19, 19:52:53.389, 0,  0.00000,    0.00000, 0, -95, 4.1, 0.284, 3, 164
2019-02-12 19:53:00.137934,  , rf>12, 103, 435650133, 441, 1, 4191, 11:1:80, 1:0:39.158, 0,  0.00000,    0.00000, 0, -85, 4.2, 0.838, 3, 164
2019-02-12 19:53:03.704065,  , rf>11, 103, 347183086, 400, 1, 4138, 12:2:19, 19:52:57.324, 0,  0.00000,    0.00000, 0, -97, 4.1, 0.264, 3, 164
2019-02-12 19:53:05.247046,  , rf>12, 104, 435654488, 231, 1, 4927, 11:1:80, 1:0:44.528, 0,  0.00000,    0.00000, 0, -85, 4.2, 0.677, 3, 164
2019-02-12 19:53:07.270209,  , rf>11, 104, 347187388, 317, 1, 3411, 12:2:19, 19:53:1.641, 0,  0.00000,    0.00000, 0, -96, 4.1, 0.251, 3, 164
2019-02-12 19:53:09.318752,  , rf>12, 105, 435659889, 568, 1, 3589, 11:1:80, 1:0:49.923, 0,  0.00000,    0.00000, 0, -85, 4.2, 0.835, 3, 474
2019-02-12 19:53:12.298214,  , rf>11, 105, 347190963, 357, 1, 4850, 12:2:19, 19:53:5.220, 0,  0.00000,    0.00000, 0, -95, 4.1, 0.235, 3, 164
2019-02-12 19:53:13.919715,  , rf>12, 106, 435664112, 347, 1, 3982, 11:1:80, 1:0:53.148, 0,  0.00000,    0.00000, 0, -86, 4.2, 1.018, 3, 634
2019-02-12 19:53:16.928640,  , rf>11, 106, 347195977, 411, 1, 4470, 12:2:19, 19:53:10.234, 0,  0.00000,    0.00000, 0, -95, 4.1, 0.245, 3, 164
2019-02-12 19:53:18.963572,  , rf>12, 107, 435668258, 329, 1, 4882, 11:1:80, 1:0:58.308, 0,  0.00000,    0.00000, 0, -86, 4.2, 0.744, 3, 164
2019-02-12 19:53:21.085373,  , rf>11, 107, 347200611, 459, 1, 3984, 12:2:19, 19:53:14.859, 0,  0.00000,    0.00000, 0, -96, 4.1, 0.284, 3, 164
2019-02-12 19:53:23.218132,  , rf>12, 108, 435673304, 253, 1, 4076, 11:1:80, 1:1:3.367, 0,  0.00000,    0.00000, 0, -86, 4.2, 0.786, 3, 164
2019-02-12 19:53:25.489997,  , rf>11, 108, 347204759, 413, 1, 4244, 12:2:19, 19:53:18.10, 0,  0.00000,    0.00000, 0, -95, 4.1, 0.235, 3, 164
2019-02-12 19:53:26.860282,  , rf>12, 109, 435677544, 325, 1, 3480, 11:1:80, 1:1:7.599, 0,  0.00000,    0.00000, 0, -86, 4.2, 0.877, 3, 164
2019-02-12 19:53:29.800140,  , rf>11, 109, 347209167, 408, 1, 4142, 12:2:19, 19:53:23.421, 0,  0.00000,    0.00000, 0, -95, 4.1, 0.255, 3, 164
2019-02-12 19:53:31.884307,  , rf>12, 110, 435681188, 361, 1, 4857, 11:1:80, 1:1:11.245, 0,  0.00000,    0.00000, 0, -85, 4.2, 0.867, 3, 164
2019-02-12 19:53:33.369134,  , rf>11, 110, 347213473, 394, 1, 3408, 12:2:19, 19:53:27.728, 0,  0.00000,    0.00000, 0, -96, 4.1, 0.235, 3, 164
2019-02-12 19:53:35.084471,  , rf>12, 111, 435686209, 219, 1, 3039, 11:1:80, 1:1:16.259, 0,  0.00000,    0.00000, 0, -85, 4.2, 0.880, 3, 164
2019-02-12 19:53:37.634510,  , rf>11, 111, 347217045, 347, 1, 4100, 12:2:19, 19:53:31.315, 0,  0.00000,    0.00000, 0, -96, 4.1, 0.222, 3, 164
2019-02-12 19:53:38.449978,  , rf>12, 112, 435689412, 253, 1, 3202, 11:1:80, 1:1:19.474, 0,  0.00000,    0.00000, 0, -86, 4.2, 0.944, 3, 164
2019-02-12 19:53:41.847695,  , rf>11, 112, 347221309, 435, 1, 4040, 12:2:19, 19:53:35.582, 0,  0.00000,    0.00000, 0, -96, 4.1, 0.277, 3, 164
2019-02-12 19:53:43.561158,  , rf>12, 113, 435692778, 267, 1, 4935, 11:1:80, 1:1:22.831, 0,  0.00000,    0.00000, 0, -86, 4.2, 1.031, 3, 164
2019-02-12 19:53:46.056990,  , rf>11, 113, 347225513, 372, 1, 4028, 12:2:19, 19:53:39.774, 0,  0.00000,    0.00000, 0, -96, 4.1, 0.290, 3, 164
2019-02-12 19:53:48.206215,  , rf>12, 114, 435697877, 204, 1, 4477, 11:1:80, 1:1:27.943, 0,  0.00000,    0.00000, 0, -84, 4.2, 0.909, 3, 164
2019-02-12 19:53:51.083539,  , rf>11, 114, 347229705, 498, 1, 4870, 12:2:19, 19:53:43.978, 0,  0.00000,    0.00000, 0, -98, 4.1, 0.242, 3, 164
2019-02-12 19:53:52.007288,  , rf>12, 115, 435702518, 248, 1, 3635, 11:1:80, 1:1:32.586, 0,  0.00000,    0.00000, 0, -85, 4.2, 0.925, 3, 164
2019-02-12 19:53:55.795322,  , rf>11, 115, 347234739, 93, 1, 4557, 12:2:19, 19:53:48.14, 0,  0.00000,    0.00000, 0, -98, 4.1, 0.000, 3, 164
2019-02-12 19:53:56.219435,  , rf>12, 116, 435706317, 200, 1, 4057, 11:1:80, 1:1:36.387, 0,  0.00000,    0.00000, 0, -86, 4.2, 1.060, 3, 164
2019-02-12 19:53:59.712340,  , rf>12, 117, 435710538, 369, 1, 3326, 11:1:80, 1:1:40.608, 0,  0.00000,    0.00000, 0, -85, 4.2, 1.041, 3, 164
2019-02-12 19:54:00.634921,  , rf>11, 116, 347239459, 409, 1, 4677, 12:2:19, 19:53:53.738, 0,  0.00000,    0.00000, 0, -96, 4.1, 0.258, 3, 163
2019-02-12 19:54:03.394849,  , rf>12, 118, 435714028, 268, 1, 3519, 11:1:80, 1:1:43.90, 0,  0.00000,    0.00000, 0, -86, 4.2, 0.935, 3, 164
2019-02-12 19:54:05.514765,  , rf>11, 117, 347244300, 285, 1, 4731, 12:2:19, 19:53:58.584, 0,  0.00000,    0.00000, 0, -95, 4.1, 0.251, 3, 164
2019-02-12 19:54:07.575516,  , rf>12, 119, 435717711, 392, 1, 4005, 11:1:80, 1:1:47.794, 0,  0.00000,    0.00000, 0, -85, 4.2, 0.931, 3, 164
2019-02-12 19:54:09.463123,  , rf>11, 118, 347249195, 356, 1, 3766, 12:2:19, 19:54:3.477, 0,  0.00000,    0.00000, 0, -96, 4.1, 0.245, 3, 164
2019-02-12 19:54:11.819154,  , rf>12, 120, 435721880, 271, 1, 4071, 11:1:80, 1:1:51.945, 0,  0.00000,    0.00000, 0, -85, 4.2, 1.150, 3, 164
2019-02-12 19:54:12.635631,  , rf>11, 119, 347253125, 260, 1, 3009, 12:2:19, 19:54:7.410, 0,  0.00000,    0.00000, 0, -96, 4.1, 0.222, 3, 164
2019-02-12 19:54:16.172230,  , rf>12, 121, 435726115, 371, 1, 4200, 11:1:80, 1:1:56.192, 0,  0.00000,    0.00000, 0, -86, 4.2, 0.790, 3, 164
2019-02-12 19:54:17.141727,  , rf>11, 120, 347256298, 374, 1, 4324, 12:2:19, 19:54:10.586, 0,  0.00000,    0.00000, 0, -95, 4.1, 0.238, 3, 164
2019-02-12 19:54:19.834556,  , rf>12, 122, 435730479, 293, 1, 3505, 11:1:80, 1:2:0.559, 0,  0.00000,    0.00000, 0, -86, 4.2, 0.806, 3, 164
2019-02-12 19:54:20.948476,  , rf>11, 121, 347260786, 283, 1, 3655, 12:2:19, 19:54:14.63, 0,  0.00000,    0.00000, 0, -93, 4.1, 0.216, 3, 164
2019-02-12 19:54:23.322295,  , rf>12, 123, 435734148, 299, 1, 3309, 11:1:80, 1:2:4.230, 0,  0.00000,    0.00000, 0, -85, 4.2, 0.841, 3, 164
2019-02-12 19:54:24.350000,  , rf>11, 122, 347264605, -1, 0, 3230, 12:2:19, 19:54:18.896, 0,  0.00000,    0.00000, 0, -92, 4.1, 0.238, 3, 164
2019-02-12 19:54:28.053382,  , rf>12, 124, 435737621, 369, 1, 4559, 11:1:80, 1:2:7.712, 0,  0.00000,    0.00000, 0, -85, 4.2, 0.767, 3, 164
2019-02-12 19:54:30.084876,  , rf>11, 1
2019-02-12 19:54:31.558531,  , rf>12, 125, 435742344, 662, 1, 3338, 11:1:80, 1:2:12.432, 0,  0.00000,    0.00000, 0, -85, 4.2, 0.828, 3, 164
2019-02-12 19:54:33.585414,  , rf>11, 124, 347273742, 411, 1, 3314, 12:2:19, 19:54:27.39, 0,  0.00000,    0.00000, 0, -93, 4.1, 0.251, 3, 164
2019-02-12 19:54:35.832357,  , rf>12, 126, 435745846, 717, 1, 4117, 11:1:80, 1:2:15.926, 0,  0.00000,    0.00000, 0, -85, 4.2, 0.761, 3, 164
2019-02-12 19:54:37.934500,  , rf>11, 125, 347277220, 497, 1, 4191, 12:2:19, 19:54:31.523, 0,  0.00000,    0.00000, 0, -93, 4.1, 0.300, 3, 164
2019-02-12 19:54:39.679751,  , rf>12, 127, 435750127, 429, 1, 3674, 11:1:80, 1:2:20.219, 0,  0.00000,    0.00000, 0, -84, 4.2, 1.044, 3, 164
2019-02-12 19:54:43.028272,  , rf>11, 126, 347281575, 341, 1, 4927, 12:2:19, 19:54:35.879, 0,  0.00000,    0.00000, 0, -93, 4.1, 0.245, 3, 164
2019-02-12 19:54:44.337411,  , rf>12, 128, 435753965, 375, 1, 4501, 11:1:80, 1:2:23.50, 0,  0.00000,    0.00000, 0, -85, 4.2, 1.028, 3, 164
2019-02-12 19:54:47.520432,  , rf>11, 127, 347286666, 287, 1, 4323, 12:2:19, 19:54:40.959, 0,  0.00000,    0.00000, 0, -93, 4.1, 0.358, 3, 164
2019-02-12 19:54:48.427269,  , rf>12, 129, 435758969, 295, 1, 3581, 11:1:80, 1:2:28.65, 0,  0.00000,    0.00000, 0, -85, 4.2, 0.819, 3, 503
2019-02-12 19:54:51.485679,  , rf>11, 128, 347291153, 322, 1, 3809, 12:2:19, 19:54:45.459, 0,  0.00000,    0.00000, 0, -93, 4.1, 0.290, 3, 164
2019-02-12 19:54:52.043784,  , rf>12, 130, 435762714, 258, 1, 3456, 11:1:80, 1:2:32.813, 0,  0.00000,    0.00000, 0, -109, 4.2, 0.783, 3, 164
2019-02-12 19:54:56.219264,  , rf>12, 131, 435766334, 331, 1, 3999, 11:1:80, 1:2:36.436, 0,  0.00000,    0.00000, 0, -86, 4.2, 0.799, 3, 164
2019-02-12 19:54:56.655434,  , rf>11, 129, 347295126, 377, 1, 4991, 12:2:19, 19:54:49.423, 0,  0.00000,    0.00000, 0, -95, 4.1, 0.261, 3, 164
2019-02-12 19:54:59.491249,  , rf>12, 132, 435770497, 234, 1, 3112, 11:1:80, 1:2:40.600, 0,  0.00000,    0.00000, 0, -85, 4.2, 0.918, 3, 164
2019-02-12 19:55:01.014732,  , rf>11, 130, 347300281, 294, 1, 4207, 12:2:19, 19:54:54.591, 0,  0.00000,    0.00000, 0, -95, 4.1, 0.264, 3, 164
2019-02-12 19:55:03.495804,  , rf>12, 133, 435773773, 311, 1, 3830, 11:1:80, 1:2:43.868, 0,  0.00000,    0.00000, 0, -84, 4.2, 0.757, 3, 164
2019-02-12 19:55:05.644326,  , rf>11, 131, 347304652, 393, 1, 4444, 12:2:19, 19:54:58.955, 0,  0.00000,    0.00000, 0, -93, 4.1, 0.251, 3, 164
2019-02-12 19:55:07.875126,  , rf>12, 134, 435777767, 581, 1, 4221, 11:1:80, 1:2:47.882, 0,  0.00000,    0.00000, 0, -86, 4.2, 0.902, 3, 164
2019-02-12 19:55:09.586282,  , rf>11, 132, 347309260, 352, 1, 3786, 12:2:19, 19:55:3.575, 0,  0.00000,    0.00000, 0, -93, 4.1, 0.232, 3, 164
2019-02-12 19:55:11.644034,  , rf>12, 135, 435782152, 290, 1, 3596, 11:1:80, 1:2:52.260, 0,  0.00000,    0.00000, 0, -85, 4.2, 1.057, 3, 164
2019-02-12 19:55:14.570423,  , rf>11, 133, 347313210, 1428, 1, 4818, 12:2:19, 19:55:7.531, 0,  0.00000,    0.00000, 0, -95, 4.1, 0.245, 3, 164
2019-02-12 19:55:15.846007,  , rf>12, 136, 435785912, 226, 1, 4039, 11:1:80, 1:2:55.31, 0,  0.00000,    0.00000, 0, -86, 4.2, 1.073, 3, 164
2019-02-12 19:55:19.106280,  , rf>11, 134, 347318192, 862, 1, 4378, 12:2:19, 19:55:12.512, 0,  0.00000,    0.00000, 0, -93, 4.1, 0.306, 3, 164
2019-02-12 19:55:19.536133,  , rf>12, 137, 435790115, 171, 1, 3525, 11:1:80, 1:3:0.227, 0,  0.00000,    0.00000, 0, -85, 4.2, 0.770, 3, 164
2019-02-12 19:55:23.041761,  , rf>11, 135, 347322734, 1174, 1, 3770, 12:2:19, 19:55:16.60, 0,  0.00000,    0.00000, 0, -95, 4.1, 0.248, 3, 164
2019-02-12 19:55:24.594599,  , rf>12, 138, 435793804, 181, 1, 4901, 11:1:80, 1:3:3.925, 0,  0.00000,    0.00000, 0, -86, 4.2, 0.938, 3, 164
2019-02-12 19:55:28.500150,  , rf>11, 136, 347327090, 611, 1, 4865, 12:2:19, 19:55:20.756, 0,  0.00000,    0.00000, 0, -93, 4.1, 0.251, 3, 586
2019-02-12 19:55:29.042697,  , rf>12, 139, 435798869, 216, 1, 4279, 11:1:80, 1:3:8.987, 0,  0.00000,    0.00000, 0, -86, 4.2, 0.754, 3, 164
2019-02-12 19:55:32.319930,  , rf>11, 137, 347332119, 337, 1, 3635, 12:2:19, 19:55:26.449, 0,  0.00000,    0.00000, 0, -95, 4.1, 0.258, 3, 164
2019-02-12 19:55:33.883753,  , rf>12, 140, 435803312, 253, 1, 4662, 11:1:80, 1:3:13.440, 0,  0.00000,    0.00000, 0, -86, 4.2, 0.873, 3, 164
2019-02-12 19:55:36.538662,  , rf>11, 138, 347335918, 963, 1, 4057, 12:2:19, 19:55:30.251, 0,  0.00000,    0.00000, 0, -93, 4.1, 0.274, 3, 164
2019-02-12 19:55:38.450533,  , rf>12, 141, 435808138, 254, 1, 4400, 11:1:80, 1:3:18.260, 0,  0.00000,    0.00000, 0, -86, 4.2, 0.761, 3, 164
2019-02-12 19:55:40.010363,  , rf>11, 139, 347340139, 631, 1, 3326, 12:2:19, 19:55:34.470, 0,  0.00000,    0.00000, 0, -97, 4.1, 0.267, 3, 164
2019-02-12 19:55:43.217769,  , rf>12, 142, 435812702, 249, 1, 4611, 11:1:80, 1:3:22.826, 0,  0.00000,    0.00000, 0, -85, 4.2, 0.761, 3, 164
2019-02-12 19:55:43.709399,  , rf>11, 140, 347343629, 361, 1, 3519, 12:2:19, 19:55:37.963, 0,  0.00000,    0.00000, 0, -97, 4.1, 0.251, 3, 164
