2019-02-12 20:27:57.824795,  , rf>12, 1, 437747733, 1320, 1, 3936, 11:1:80, 1:35:38.103, 0,  0.00000,    0.00000, 0, -87, 4.2, 0.935, 3, 333349
2019-02-12 20:27:58.264912,  , rf>11, 1, 349277048, 1159, 1, 4413, 12:2:19, 20:27:51.52, 2,  0.00000,    0.00000, 176, -118, 4.1, 0.084, 3, 333839
2019-02-12 20:28:02.415985,  , rf>12, 2, 437751833, 1342, 1, 4436, 11:1:80, 1:35:42.203, 0,  0.00000,    0.00000, 0, -85, 4.2, 0.780, 3, 164
2019-02-12 20:28:02.925202,  , rf>11, 2, 349281625, 494, 1, 4039, 12:2:19, 20:27:56.291, 1,  0.00000,    0.00000, 163, -120, 4.1, 0.068, 3, 164
2019-02-12 20:28:05.605879,  , rf>12, 3, 437756433, 463, 1, 3019, 11:1:80, 1:35:46.803, 0,  0.00000,    0.00000, 0, -85, 4.2, 1.038, 3, 164
2019-02-12 20:28:07.647160,  , rf>11, 3, 349286273, 316, 1, 4563, 12:2:19, 20:28:0.944, 1,  0.00000,    0.00000, 140, -113, 4.1, 0.068, 3, 609
2019-02-12 20:28:10.505666,  , rf>12, 4, 437759616, 425, 2, 4720, 11:1:80, 1:35:49.998, 0,  0.00000,    0.00000, 0, -81, 4.2, 0.819, 3, 164
2019-02-12 20:28:11.884305,  , rf>11, 4, 349291000, 411, 1, 3166, 12:2:19, 20:28:5.667, 1,  0.00000,    0.00000, 160, -123, 4.1, 0.084, 3, 164
2019-02-12 20:28:14.001598,  , rf>12, 5, 437764500, 385, 2, 3344, 11:1:80, 1:35:54.873, 0,  0.00000,    0.00000, 0, -84, 4.2, 1.325, 3, 164
2019-02-12 20:28:15.677421,  , rf>11, 5, 349295233, 524, 1, 3614, 12:2:19, 20:28:8.906, 1,  0.00000,    0.00000, 169, -121, 4.1, 0.068, 3, 1067
2019-02-12 20:28:19.016564,  , rf>12, 6, 437768008, 622, 1, 4838, 11:1:80, 1:35:58.391, 0,  0.00000,    0.00000, 0, -85, 4.2, 1.141, 3, 164
2019-02-12 20:28:20.172674,  , rf>11, 6, 349299011, 844, 1, 4338, 12:2:19, 20:28:12.208, 2,  0.00000,    0.00000, 204, -119, 4.1, 0.116, 3, 164
2019-02-12 20:28:22.557520,  , rf>12, 7, 437773010, 509, 1, 3380, 11:1:80, 1:36:3.403, 0,  0.00000,    0.00000, 0, -83, 4.2, 1.373, 3, 164
2019-02-12 20:28:25.126148,  , rf>11, 7, 349303513, 442, 1, 4067, 12:2:19, 20:28:18.185, 3,  0.00000,    0.00000, 220, -119, 4.1, 0.058, 3, 164
2019-02-12 20:28:27.501122,  , rf>12, 8, 437776554, 492, 2, 4774, 11:1:80, 1:36:6.940, 0,  0.00000,    0.00000, 0, -84, 4.2, 1.563, 3, 164
2019-02-12 20:28:28.356834,  , rf>11, 8, 349308468, 347, 1, 3046, 12:2:19, 20:28:22.144, 2,  0.00000,    0.00000, 211, -120, 4.1, 0.052, 3, 888
2019-02-12 20:28:31.829499,  , rf>12, 9, 437781492, 657, 1, 4165, 11:1:80, 1:36:11.887, 0,  0.00000,    0.00000, 0, -84, 4.2, 1.276, 3, 164
2019-02-12 20:28:32.880053,  , rf>11, 9, 349311678, 444, 1, 4365, 12:2:19, 20:28:26.352, 2,  0.00000,    0.00000, 194, -117, 4.1, 0.055, 3, 164
2019-02-12 20:28:36.457769,  , rf>12, 10, 437785821, 757, 1, 4486, 11:1:80, 1:36:16.208, 0,  0.00000,    0.00000, 0, -84, 4.2, 1.212, 3, 164
2019-02-12 20:28:38.807444,  , rf>11, 10, 349316207, 434, 1, 4962, 12:2:19, 20:28:30.385, 1,  0.00000,    0.00000, 179, -116, 4.1, 0.055, 3, 164
2019-02-12 20:28:41.280019,  , rf>12, 11, 437790471, 757, 2, 4650, 11:1:80, 1:36:20.860, 0,  0.00000,    0.00000, 0, -83, 4.2, 1.276, 3, 164
2019-02-12 20:28:42.636977,  , rf>11, 11, 349322138, 659, 1, 3216, 12:2:19, 20:28:35.809, 1,  0.00000,    0.00000, 215, -120, 4.1, 0.574, 3, 969
2019-02-12 20:28:46.173854,  , rf>12, 12, 437795285, 637, 1, 4720, 11:1:80, 1:36:25.683, 0,  0.00000,    0.00000, 0, -84, 4.2, 1.173, 3, 164
2019-02-12 20:28:46.755412,  , rf>11, 12, 349325973, 392, 1, 3936, 12:2:19, 20:28:40.657, 2,  0.00000,    0.00000, 244, -121, 4.1, 0.071, 3, 619
2019-02-12 20:28:50.761073,  , rf>12, 13, 437800169, 1200, 1, 4425, 11:1:80, 1:36:30.559, 0,  0.00000,    0.00000, 0, -83, 4.2, 1.034, 3, 164
2019-02-12 20:28:51.745901,  , rf>11, 13, 349330073, 1439, 1, 4843, 12:2:19, 20:28:44.984, 2,  0.00000,    0.00000, 244, -124, 4.1, 0.435, 3, 164
2019-02-12 20:28:55.732965,  , rf>12, 14, 437804758, 409, 1, 4804, 11:1:80, 1:36:34.150, 0,  0.00000,    0.00000, 0, -83, 4.2, 1.308, 3, 164
2019-02-12 20:28:57.119955,  , rf>11, 14, 349335080, 418, 1, 4720, 12:2:19, 20:28:48.558, 2,  0.00000,    0.00000, 242, -123, 4.1, 0.100, 3, 164
2019-02-12 20:28:59.490334,  , rf>12, 15, 437809726, 321, 1, 3592, 11:1:80, 1:36:39.128, 0,  0.00000,    0.00000, 0, -84, 4.2, 1.112, 3, 164
2019-02-12 20:29:01.624110,  , rf>11, 15, 349340459, 20, 1, 4319, 12:2:19, 20:28:54.137, 1,  0.00000,    0.00000, 229, -124, 4.1, 0.000, 3, 659
2019-02-12 20:29:03.128345,  , rf>12, 16, 437813482, 451, 2, 3471, 11:1:80, 1:36:43.866, 0,  0.00000,    0.00000, 0, -84, 4.2, 1.437, 3, 164
2019-02-12 20:29:06.595689,  , rf>11, 16, 349344941, 594, 1, 4829, 12:2:19, 20:28:59.621, 1,  0.00000,    0.00000, 230, -114, 4.1, 0.064, 3, 163
2019-02-12 20:29:06.852780,  , rf>12, 17, 437817117, 376, 1, 3565, 11:1:80, 1:36:47.502, 0,  0.00000,    0.00000, 0, -84, 4.2, 0.786, 3, 164
2019-02-12 20:29:11.051273,  , rf>11, 17, 349349934, 481, 1, 4271, 12:2:19, 20:29:4.615, 1,  0.00000,    0.00000, 232, -113, 4.1, 0.081, 3, 164
2019-02-12 20:29:12.002567,  , rf>12, 18, 437820846, 560, 1, 4974, 11:1:80, 1:36:51.233, 0,  0.00000,    0.00000, 0, -83, 4.2, 1.144, 3, 164
2019-02-12 20:29:14.953563,  , rf>11, 18, 349354369, 1617, 1, 3752, 12:2:19, 20:29:8.60, 1,  0.00000,    0.00000, 233, -120, 4.1, 0.648, 3, 164
2019-02-12 20:29:15.806594,  , rf>12, 19, 437825984, 433, 1, 3652, 11:1:80, 1:36:56.381, 0,  0.00000,    0.00000, 0, -83, 4.2, 1.005, 3, 164
2019-02-12 20:29:18.139419,  , rf>11, 19, 349358285, 783, 1, 3006, 12:2:19, 20:29:12.772, 2,  0.00000,    0.00000, 239, -118, 4.1, 0.574, 3, 164
2019-02-12 20:29:20.659676,  , rf>12, 20, 437829800, 671, 1, 4686, 11:1:80, 1:37:0.499, 0,  0.00000,    0.00000, 0, -84, 4.2, 1.515, 3, 164
2019-02-12 20:29:23.132099,  , rf>11, 20, 349361455, 374, 1, 4830, 12:2:19, 20:29:15.140, 2,  0.00000,    0.00000, 246, -114, 4.1, 0.097, 3, 164
2019-02-12 20:29:25.727022,  , rf>12, 21, 437834650, 437, 1, 4906, 11:1:80, 1:37:4.49, 0,  0.00000,    0.00000, 0, -80, 4.2, 1.273, 3, 164
2019-02-12 20:29:27.193724,  , rf>11, 21, 349366449, 934, 1, 3902, 12:2:19, 20:29:20.134, 2,  0.00000,    0.00000, 249, -117, 4.1, 0.164, 3, 164
2019-02-12 20:29:29.078296,  , rf>12, 22, 437839720, 315, 1, 3182, 11:1:80, 1:37:9.110, 0,  0.00000,    0.00000, 0, -83, 4.2, 1.360, 3, 164
2019-02-12 20:29:31.504461,  , rf>11, 22, 349370515, 404, 1, 4139, 12:2:19, 20:29:24.729, 2,  0.00000,    0.00000, 251, -113, 4.1, 0.052, 3, 164
2019-02-12 20:29:32.964810,  , rf>12, 23, 437843066, 546, 1, 3724, 11:1:80, 1:37:13.476, 0,  0.00000,    0.00000, 0, -84, 4.2, 1.109, 3, 164
2019-02-12 20:29:35.794432,  , rf>11, 23, 349374818, 640, 1, 4118, 12:2:19, 20:29:29.504, 1,  0.00000,    0.00000, 256, -118, 4.1, 0.168, 3, 164
2019-02-12 20:29:36.449485,  , rf>12, 24, 437846954, 493, 1, 3320, 11:1:80, 1:37:17.365, 0,  0.00000,    0.00000, 0, -83, 4.2, 1.060, 3, 164
2019-02-12 20:29:39.891682,  , rf>12, 25, 437850438, 473, 1, 3273, 11:1:80, 1:37:20.842, 0,  0.00000,    0.00000, 0, -83, 4.2, 0.993, 3, 164
2019-02-12 20:29:40.646779,  , rf>11, 24, 349379100, 1431, 1, 4700, 12:2:19, 20:29:33.802, 0,  0.00000,    0.00000, 247, -118, 4.1, 0.445, 3, 164
2019-02-12 20:29:43.493853,  , rf>12, 26, 437853875, 484, 1, 3447, 11:1:80, 1:37:24.279, 0,  0.00000,    0.00000, 0, -84, 4.2, 1.473, 3, 164
2019-02-12 20:29:45.669763,  , rf>11, 25, 349383964, 438, 1, 4848, 12:2:19, 20:29:38.664, 0,  0.00000,    0.00000, 252, -114, 4.1, 0.097, 3, 164
2019-02-12 20:29:46.690283,  , rf>12, 27, 437857486, 659, 1, 3027, 11:1:80, 1:37:27.881, 0,  0.00000,    0.00000, 0, -84, 4.2, 1.363, 3, 164
2019-02-12 20:29:50.181501,  , rf>11, 26, 349388976, 571, 1, 4357, 12:2:19, 20:29:42.181, 0,  0.00000,    0.00000, 203, -113, 4.1, 0.090, 3, 164
2019-02-12 20:29:51.014212,  , rf>12, 28, 437860677, 718, 1, 4161, 11:1:80, 1:37:30.84, 0,  0.00000,    0.00000, 0, -83, 4.2, 1.341, 3, 164
2019-02-12 20:29:55.271435,  , rf>11, 27, 349393497, 295, 1, 4926, 12:2:19, 20:29:48.201, 1,  0.00000,    0.00000, 222, -114, 4.1, 0.219, 3, 164
2019-02-12 20:29:56.029978,  , rf>12, 29, 437865002, 781, 1, 4837, 11:1:80, 1:37:35.418, 0,  0.00000,    0.00000, 0, -83, 4.2, 0.938, 3, 164
2019-02-12 20:29:58.622030,  , rf>11, 28, 349398587, 545, 1, 3183, 12:2:19, 20:29:53.291, 1,  0.00000,    0.00000, 196, -112, 4.1, 0.177, 3, 164
2019-02-12 20:30:00.639178,  , rf>12, 30, 437870003, 592, 1, 4454, 11:1:80, 1:37:40.412, 0,  0.00000,    0.00000, 0, -84, 4.2, 1.279, 3, 164
2019-02-12 20:30:02.552329,  , rf>11, 29, 349401934, 674, 1, 3767, 12:2:19, 20:29:56.641, 1,  0.00000,    0.00000, 187, -108, 4.1, 0.084, 3, 164
2019-02-12 20:30:04.509553,  , rf>12, 31, 437874621, 726, 1, 3697, 11:1:80, 1:37:44.31, 0,  0.00000,    0.00000, 0, -82, 4.2, 1.305, 3, 164
2019-02-12 20:30:06.558378,  , rf>11, 30, 349405865, 704, 1, 3849, 12:2:19, 20:30:0.375, 1,  0.00000,    0.00000, 191, -115, 4.1, 0.064, 3, 164
2019-02-12 20:30:07.991300,  , rf>12, 32, 437878482, 704, 1, 3328, 11:1:80, 1:37:48.892, 0,  0.00000,    0.00000, 0, -84, 4.2, 1.354, 3, 164
2019-02-12 20:30:11.406480,  , rf>11, 31, 349409878, 465, 1, 4678, 12:2:19, 20:30:4.564, 1,  0.00000,    0.00000, 198, -114, 4.1, 0.064, 3, 164
2019-02-12 20:30:12.158018,  , rf>12, 33, 437881974, 628, 1, 3989, 11:1:80, 1:37:52.385, 0,  0.00000,    0.00000, 0, -84, 4.2, 1.112, 3, 164
2019-02-12 20:30:14.818014,  , rf>11, 32, 349414720, -1, 0, 3249, 12:2:19, 20:30:9.425, 1,  0.00000,    0.00000, 205, -119, 4.1, 0.348, 3, 164
2019-02-12 20:30:15.751567,  , rf>12, 34, 437886127, 761, 1, 3438, 11:1:80, 1:37:56.540, 0,  0.00000,    0.00000, 0, -83, 4.2, 1.167, 3, 164
2019-02-12 20:30:18.720436,  , rf>11, 33, 349418133, 720, 1, 3724, 12:2:19, 20:30:12.347, 1,  0.00000,    0.00000, 205, -107, 4.1, 0.100, 3, 164
2019-02-12 20:30:19.063400,  , rf>12, 35, 437889729, 390, 1, 3138, 11:1:80, 1:37:59.133, 0,  0.00000,    0.00000, 0, -83, 4.2, 2.204, 3, 164
2019-02-12 20:30:22.206909,  , rf>11, 34, 349422021, 1301, 1, 3320, 12:2:19, 20:30:16.734, 1,  0.00000,    0.00000, 199, -108, 4.1, 0.087, 3, 164
2019-02-12 20:30:23.558022,  , rf>12, 36, 437893031, 525, 1, 4332, 11:1:80, 1:38:3.445, 0,  0.00000,    0.00000, 0, -83, 4.2, 1.109, 3, 164
2019-02-12 20:30:25.647397,  , rf>11, 35, 349425505, 2310, 1, 3273, 12:2:19, 20:30:20.218, 1,  0.00000,    0.00000, 198, -112, 4.1, 0.090, 3, 164
2019-02-12 20:30:28.010765,  , rf>12, 37, 437897527, 773, 1, 4299, 11:1:80, 1:38:7.943, 0,  0.00000,    0.00000, 0, -82, 4.2, 0.683, 3, 164
2019-02-12 20:30:29.254838,  , rf>11, 36, 349428942, -1, 0, 3447, 12:2:19, 20:30:23.658, 1,  0.00000,    0.00000, 190, -111, 4.1, 0.148, 3, 164
2019-02-12 20:30:32.828457,  , rf>12, 38, 437901990, 433, 1, 4638, 11:1:80, 1:38:12.398, 0,  0.00000,    0.00000, 0, -83, 4.2, 0.838, 3, 164
2019-02-12 20:30:33.051643,  , rf>11, 37, 349432553, 424, 1, 3626, 12:2:19, 20:30:27.266, 1,  0.00000,    0.00000, 198, -114, 4.1, 0.084, 3, 164
2019-02-12 20:30:38.010389,  , rf>11, 38, 349436343, 484, 1, 4134, 12:2:19, 20:30:30.559, 1,  0.00000,    0.00000, 206, -115, 4.1, 0.090, 3, 164
2019-02-12 20:30:38.210664,  , rf>12, 39, 437906792, 712, 1, 4738, 11:1:80, 1:38:17.211, 0,  0.00000,    0.00000, 0, -80, 4.2, 0.783, 3, 164
2019-02-12 20:30:41.279240,  , rf>11, 39, 349441311, 429, 1, 3100, 12:2:19, 20:30:35.16, 2,  0.00000,    0.00000, 221, -114, 4.1, 0.074, 3, 834
2019-02-12 20:30:41.792175,  , rf>12, 40, 437912184, 645, 1, 3410, 11:1:80, 1:38:21.603, 0,  0.00000,    0.00000, 0, -83, 4.2, 1.028, 3, 654
2019-02-12 20:30:45.786968,  , rf>11, 40, 349444575, 434, 1, 4334, 12:2:19, 20:30:39.283, 2,  0.00000,    0.00000, 225, -114, 4.1, 0.064, 3, 164
2019-02-12 20:30:46.261090,  , rf>12, 41, 437915758, 540, 1, 4280, 11:1:80, 1:38:26.188, 0,  0.00000,    0.00000, 0, -84, 4.2, 0.654, 3, 164
2019-02-12 20:30:50.051726,  , rf>12, 42, 437920202, 768, 1, 3657, 11:1:80, 1:38:30.614, 0,  0.00000,    0.00000, 0, -84, 4.2, 1.089, 3, 164
2019-02-12 20:30:51.065393,  , rf>11, 41, 349449073, 349, 1, 4651, 12:2:19, 20:30:42.545, 2,  0.00000,    0.00000, 227, -118, 4.1, 0.074, 3, 164
2019-02-12 20:30:54.711128,  , rf>12, 43, 437924023, 518, 1, 4494, 11:1:80, 1:38:34.455, 0,  0.00000,    0.00000, 0, -84, 4.2, 1.354, 3, 164
2019-02-12 20:30:55.722729,  , rf>11, 42, 349454361, 628, 1, 3989, 12:2:19, 20:30:48.83, 1,  0.00000,    0.00000, 205, -113, 4.1, 0.912, 3, 637
2019-02-12 20:30:58.797053,  , rf>12, 44, 437928681, 330, 1, 3922, 11:1:80, 1:38:38.95, 0,  0.00000,    0.00000, 0, -83, 4.2, 0.854, 3, 164
2019-02-12 20:31:00.247087,  , rf>11, 43, 349459013, 696, 1, 4350, 12:2:19, 20:30:53.737, 1,  0.00000,    0.00000, 194, -113, 4.1, 0.367, 3, 663
2019-02-12 20:31:03.203695,  , rf>12, 45, 437932767, 480, 1, 4228, 11:1:80, 1:38:43.201, 0,  0.00000,    0.00000, 0, -83, 4.2, 0.928, 3, 164
2019-02-12 20:31:03.855528,  , rf>11, 44, 349463527, 370, 2, 3450, 12:2:19, 20:30:58.241, 1,  0.00000,    0.00000, 198, -113, 4.1, 0.325, 3, 164
2019-02-12 20:31:07.063532,  , rf>12, 46, 437937159, 447, 1, 3702, 11:1:80, 1:38:47.575, 0,  0.00000,    0.00000, 0, -84, 4.2, 0.867, 3, 164
2019-02-12 20:31:08.332572,  , rf>11, 45, 349467141, 983, 1, 4307, 12:2:19, 20:31:0.389, 1,  0.00000,    0.00000, 199, -113, 4.1, 1.315, 3, 164
2019-02-12 20:31:10.547610,  , rf>12, 47, 437941025, 566, 1, 3317, 11:1:80, 1:38:51.453, 0,  0.00000,    0.00000, 0, -84, 4.2, 0.980, 3, 164
2019-02-12 20:31:11.510488,  , rf>11, 46, 349471612, 559, 1, 3032, 12:2:19, 20:31:6.333, 1,  0.00000,    0.00000, 189, -113, 4.1, 0.325, 3, 164
2019-02-12 20:31:14.919402,  , rf>12, 48, 437944506, 553, 1, 4211, 11:1:80, 1:38:54.935, 0,  0.00000,    0.00000, 0, -81, 4.2, 0.819, 3, 164
2019-02-12 20:31:15.726521,  , rf>11, 47, 349474808, 451, 1, 3661, 12:2:19, 20:31:9.538, 0,  0.00000,    0.00000, 199, -118, 4.1, 0.461, 3, 164
2019-02-12 20:31:18.838286,  , rf>12, 49, 437948881, 289, 1, 3763, 11:1:80, 1:38:59.300, 0,  0.00000,    0.00000, 0, -84, 4.2, 0.899, 3, 164
2019-02-12 20:31:19.154726,  , rf>11, 48, 349479016, 424, 1, 3264, 12:2:19, 20:31:12.80, 0,  0.00000,    0.00000, 119, -112, 4.1, 0.161, 3, 547
2019-02-12 20:31:22.738157,  , rf>11, 49, 349482444, 20, 1, 3410, 12:2:19, 20:31:16.165, 0,  0.00000,    0.00000, 98, -113, 4.1, 0.000, 3, 164
2019-02-12 20:31:23.086454,  , rf>12, 50, 437952808, 373, 1, 4059, 11:1:80, 1:39:3.239, 0,  0.00000,    0.00000, 0, -83, 4.2, 0.976, 3, 164
2019-02-12 20:31:27.181728,  , rf>11, 50, 349486017, 535, 1, 4280, 12:2:19, 20:31:20.748, 0,  0.00000,    0.00000, 122, -113, 4.1, 0.358, 3, 163
2019-02-12 20:31:27.524927,  , rf>12, 51, 437957031, 473, 1, 4280, 11:1:80, 1:39:7.463, 0,  0.00000,    0.00000, 0, -83, 4.2, 1.067, 3, 164
2019-02-12 20:31:31.004694,  , rf>11, 51, 349490461, 556, 1, 3657, 12:2:19, 20:31:24.714, 0,  0.00000,    0.00000, 140, -112, 4.1, 0.674, 3, 164
2019-02-12 20:31:32.546896,  , rf>12, 52, 437961475, 1332, 1, 4862, 11:1:80, 1:39:11.898, 0,  0.00000,    0.00000, 0, -83, 4.2, 1.047, 3, 164
2019-02-12 20:31:35.655731,  , rf>11, 52, 349494282, 848, 1, 4494, 12:2:19, 20:31:28.17, 0,  0.00000,    0.00000, 129, -109, 4.1, 0.200, 3, 164
2019-02-12 20:31:36.387560,  , rf>12, 53, 437966501, 804, 1, 3684, 11:1:80, 1:39:16.936, 0,  0.00000,    0.00000, 0, -83, 4.2, 0.918, 3, 164
2019-02-12 20:31:39.643401,  , rf>12, 54, 437970349, 349, 1, 3087, 11:1:80, 1:39:20.784, 0,  0.00000,    0.00000, 0, -83, 4.2, 1.041, 3, 164
2019-02-12 20:31:40.200992,  , rf>11, 53, 349498940, 626, 1, 3922, 12:2:19, 20:31:33.674, 0,  0.00000,    0.00000, 125, -113, 4.1, 0.848, 3, 164
2019-02-12 20:31:44.685218,  , rf>12, 55, 437973600, 537, 1, 4866, 11:1:80, 1:39:23.25, 0,  0.00000,    0.00000, 0, -81, 4.2, 1.067, 3, 164
2019-02-12 20:31:44.925694,  , rf>11, 54, 349503473, 746, 1, 4576, 12:2:19, 20:31:36.222, 1,  0.00000,    0.00000, 102, -113, 4.1, 0.093, 3, 611
2019-02-12 20:31:48.289905,  , rf>12, 56, 437978630, 464, 1, 3469, 11:1:80, 1:39:28.67, 0,  0.00000,    0.00000, 0, -83, 4.2, 0.790, 3, 164
2019-02-12 20:31:49.711670,  , rf>11, 55, 349508213, -1, 0, 4603, 12:2:19, 20:31:42.461, 1,  0.00000,    0.00000, 117, -114, 4.1, 0.129, 3, 164
2019-02-12 20:31:52.013707,  , rf>12, 57, 437982263, 547, 1, 3528, 11:1:80, 1:39:32.702, 0,  0.00000,    0.00000, 0, -83, 4.2, 0.931, 3, 164
2019-02-12 20:31:53.529856,  , rf>11, 56, 349512980, 1078, 1, 3654, 12:2:19, 20:31:47.708, 2,  0.00000,    0.00000, 121, -123, 4.1, 0.400, 3, 164
2019-02-12 20:31:56.719524,  , rf>12, 58, 437985955, 356, 1, 4553, 11:1:80, 1:39:36.394, 0,  0.00000,    0.00000, 0, -83, 4.2, 1.112, 3, 164
2019-02-12 20:31:58.380592,  , rf>11, 57, 349516798, -1, 0, 4696, 12:2:19, 20:31:51.527, 2,  0.00000,    0.00000, 120, -119, 4.1, 0.329, 3, 164
2019-02-12 20:32:00.837489,  , rf>12, 59, 437990672, 714, 1, 3944, 11:1:80, 1:39:40.113, 0,  0.00000,    0.00000, 0, -80, 4.2, 1.092, 3, 164
2019-02-12 20:32:02.647165,  , rf>11, 58, 349521658, 848, 1, 4106, 12:2:19, 20:31:56.393, 2,  0.00000,    0.00000, 110, -113, 4.1, 0.238, 3, 164
2019-02-12 20:32:05.836439,  , rf>12, 60, 437994780, 721, 1, 4840, 11:1:80, 1:39:45.221, 0,  0.00000,    0.00000, 0, -84, 4.2, 1.192, 3, 164
2019-02-12 20:32:07.351614,  , rf>11, 59, 349525928, -1, 0, 4536, 12:2:19, 20:32:0.466, 1,  0.00000,    0.00000, 96, -122, 4.1, 0.480, 3, 164
2019-02-12 20:32:09.725545,  , rf>12, 61, 437999784, 840, 1, 3712, 11:1:80, 1:39:50.234, 0,  0.00000,    0.00000, 0, -83, 4.2, 1.244, 3, 164
2019-02-12 20:32:11.799037,  , rf>11, 60, 349530628, -1, 0, 4280, 12:2:19, 20:32:5.361, 1,  0.00000,    0.00000, 100, -114, 4.1, 0.216, 3, 164
2019-02-12 20:32:14.771516,  , rf>12, 62, 438003660, 415, 1, 4553, 11:1:80, 1:39:53.104, 0,  0.00000,    0.00000, 0, -82, 4.2, 0.867, 3, 164
2019-02-12 20:32:15.188380,  , rf>11, 61, 349535072, 2468, 1, 3232, 12:2:19, 20:32:9.806, 1,  0.00000,    0.00000, 135, -114, 4.1, 0.055, 3, 164
2019-02-12 20:32:18.282355,  , rf>12, 63, 438008706, 20, 1, 3359, 11:1:80, 1:39:58.159, 0,  0.00000,    0.00000, 0, -80, 4.2, 0.000, 3, 493
2019-02-12 20:32:19.043812,  , rf>11, 62, 349538468, 492, 1, 3684, 12:2:19, 20:32:12.706, 0,  0.00000,    0.00000, 153, -112, 4.1, 0.058, 3, 164
2019-02-12 20:32:21.628687,  , rf>12, 64, 438012229, 732, 1, 3176, 11:1:80, 1:40:2.665, 0,  0.00000,    0.00000, 0, -83, 4.2, 1.328, 3, 164
2019-02-12 20:32:22.299847,  , rf>11, 63, 349542316, -1, 0, 3087, 12:2:19, 20:32:16.63, 1,  0.00000,    0.00000, 201, -124, 4.1, 0.651, 3, 164
2019-02-12 20:32:24.996142,  , rf>12, 65, 438015569, 422, 1, 3199, 11:1:80, 1:40:5.17, 0,  0.00000,    0.00000, 0, -83, 4.2, 0.928, 3, 164
2019-02-12 20:32:27.217809,  , rf>11, 64, 349545567, 725, 1, 4751, 12:2:19, 20:32:20.316, 1,  0.00000,    0.00000, 214, -125, 4.1, 0.048, 3, 164
2019-02-12 20:32:28.389487,  , rf>12, 66, 438018932, 846, 1, 3221, 11:1:80, 1:40:9.370, 0,  0.00000,    0.00000, 0, -84, 4.2, 1.383, 3, 164
2019-02-12 20:32:32.420857,  , rf>11, 65, 349550482, 544, 1, 4127, 12:2:19, 20:32:24.286, 3,  0.00000,    0.00000, 238, -126, 4.1, 0.055, 3, 164
2019-02-12 20:32:32.895011,  , rf>12, 67, 438022317, 822, 1, 4347, 11:1:80, 1:40:12.766, 0,  0.00000,    0.00000, 0, -82, 4.2, 1.305, 3, 164
2019-02-12 20:32:36.488077,  , rf>12, 68, 438026828, 610, 1, 3436, 11:1:80, 1:40:17.287, 0,  0.00000,    0.00000, 0, -82, 4.2, 1.315, 3, 164
2019-02-12 20:32:36.926101,  , rf>11, 66, 349555685, 497, 1, 3977, 12:2:19, 20:32:29.435, 3,  0.00000,    0.00000, 235, -125, 4.1, 0.055, 3, 1076
2019-02-12 20:32:41.451974,  , rf>12, 69, 438030428, 682, 1, 4338, 11:1:80, 1:40:20.879, 0,  0.00000,    0.00000, 0, -82, 4.2, 1.376, 3, 164
2019-02-12 20:32:44.758281,  , rf>12, 70, 438035388, 1164, 1, 3139, 11:1:80, 1:40:25.849, 0,  0.00000,    0.00000, 0, -83, 4.2, 1.063, 3, 622
2019-02-12 20:32:46.650299,  , rf>11, 68, 349565704, 870, 1, 4059, 12:2:19, 20:32:38.459, 3,  0.00000,    0.00000, 240, -121, 4.1, 0.055, 3, 1693
2019-02-12 20:32:49.651974,  , rf>12, 71, 438038691, 656, 2, 4729, 11:1:80, 1:40:28.146, 0,  0.00000,    0.00000, 0, -83, 4.2, 0.954, 3, 164
2019-02-12 20:32:49.963734,  , rf>11, 69, 349569927, -1, 0, 3128, 12:2:19, 20:32:44.680, 1,  0.00000,    0.00000, 229, -117, 4.1, 0.122, 3, 164
2019-02-12 20:32:53.684249,  , rf>12, 72, 438043584, 1130, 1, 3866, 11:1:80, 1:40:33.29, 0,  0.00000,    0.00000, 0, -82, 4.2, 0.928, 3, 164
2019-02-12 20:32:55.400608,  , rf>11, 70, 349573219, 779, 1, 4051, 12:2:19, 20:32:47.979, 1,  0.00000,    0.00000, 197, -114, 4.1, 0.058, 3, 164
2019-02-12 20:32:58.362100,  , rf>12, 73, 438047614, 414, 1, 4506, 11:1:80, 1:40:37.62, 0,  0.00000,    0.00000, 0, -82, 4.2, 1.547, 3, 164
2019-02-12 20:33:00.512158,  , rf>11, 71, 349578643, 366, 1, 4961, 12:2:19, 20:32:52.404, 1,  0.00000,    0.00000, 161, -118, 4.1, 0.064, 3, 1373
2019-02-12 20:33:02.433084,  , rf>12, 74, 438052284, 549, 1, 3922, 11:1:80, 1:40:42.741, 0,  0.00000,    0.00000, 0, -82, 4.2, 1.421, 3, 164
2019-02-12 20:33:03.883674,  , rf>11, 72, 349583768, 654, 1, 3199, 12:2:19, 20:32:58.522, 2,  0.00000,    0.00000, 154, -118, 4.1, 0.061, 3, 164
2019-02-12 20:33:07.257929,  , rf>11, 73, 349587131, 569, 1, 3221, 12:2:19, 20:33:0.396, 2,  0.00000,    0.00000, 164, -119, 4.1, 0.071, 3, 164
2019-02-12 20:33:07.580503,  , rf>12, 75, 438056370, 649, 1, 4971, 11:1:80, 1:40:46.830, 0,  0.00000,    0.00000, 0, -79, 4.2, 1.176, 3, 164
2019-02-12 20:33:12.289247,  , rf>11, 74, 349590516, 670, 2, 4347, 12:2:19, 20:33:5.279, 1,  0.00000,    0.00000, 166, -114, 4.1, 0.587, 3, 164
2019-02-12 20:33:12.407334,  , rf>12, 76, 438061505, 570, 1, 4649, 11:1:80, 1:40:51.955, 0,  0.00000,    0.00000, 0, -79, 4.2, 1.115, 3, 164
2019-02-12 20:33:16.304751,  , rf>11, 75, 349595524, -1, 0, 3862, 12:2:19, 20:33:9.290, 1,  0.00000,    0.00000, 160, -126, 4.1, 0.087, 3, 661
2019-02-12 20:33:16.927038,  , rf>12, 77, 438066318, 489, 1, 4379, 11:1:80, 1:40:56.779, 0,  0.00000,    0.00000, 0, -84, 4.2, 0.986, 3, 164
2019-02-12 20:33:20.384090,  , rf>12, 78, 438070861, 615, 1, 3276, 11:1:80, 1:41:1.332, 0,  0.00000,    0.00000, 0, -83, 4.2, 0.828, 3, 164
2019-02-12 20:33:20.953127,  , rf>11, 76, 349599550, 671, 1, 3986, 12:2:19, 20:33:14.320, 1,  0.00000,    0.00000, 131, -124, 4.1, 0.084, 3, 164
2019-02-12 20:33:25.183762,  , rf>12, 79, 438074301, 626, 1, 4653, 11:1:80, 1:41:4.765, 0,  0.00000,    0.00000, 0, -83, 4.2, 1.424, 3, 164
2019-02-12 20:33:26.234539,  , rf>11, 77, 349604188, 461, 1, 4650, 12:2:19, 20:33:18.961, 1,  0.00000,    0.00000, 144, -120, 4.1, 0.084, 3, 652
2019-02-12 20:33:29.270621,  , rf>12, 80, 438079118, 387, 1, 3906, 11:1:80, 1:41:9.939, 0,  0.00000,    0.00000, 0, -82, 4.2, 0.000, 3, 164
2019-02-12 20:33:30.259741,  , rf>11, 78, 349609468, 935, 1, 3866, 12:2:19, 20:33:23.235, 0,  0.00000,    0.00000, 143, -121, 4.1, 0.071, 3, 630
2019-02-12 20:33:34.213871,  , rf>12, 81, 438083188, 2027, 1, 4789, 11:1:80, 1:41:13.643, 0,  0.00000,    0.00000, 0, -83, 4.2, 0.899, 3, 164
2019-02-12 20:33:34.931692,  , rf>11, 79, 349613498, 621, 1, 4506, 12:2:19, 20:33:28.275, 0,  0.00000,    0.00000, 197, -121, 4.1, 0.084, 3, 164
2019-02-12 20:33:38.664476,  , rf>11, 80, 349618168, 1002, 1, 3580, 12:2:19, 20:33:32.944, 0,  0.00000,    0.00000, 212, -120, 4.1, 0.064, 3, 164
2019-02-12 20:33:39.137468,  , rf>12, 82, 438088141, 512, 1, 4752, 11:1:80, 1:41:18.608, 0,  0.00000,    0.00000, 0, -83, 4.2, 1.067, 3, 164
2019-02-12 20:33:43.068370,  , rf>12, 83, 438093057, 393, 1, 3762, 11:1:80, 1:41:23.533, 0,  0.00000,    0.00000, 0, -83, 4.2, 1.205, 3, 164
2019-02-12 20:33:43.635655,  , rf>11, 81, 349621912, 1187, 1, 4404, 12:2:19, 20:33:36.692, 0,  0.00000,    0.00000, 214, -114, 4.1, 0.055, 3, 164
2019-02-12 20:33:48.119170,  , rf>12, 84, 438096983, 629, 1, 4904, 11:1:80, 1:41:27.441, 0,  0.00000,    0.00000, 0, -81, 4.2, 1.341, 3, 164
2019-02-12 20:33:49.049160,  , rf>11, 82, 349626875, 648, 1, 4943, 12:2:19, 20:33:41.633, 0,  0.00000,    0.00000, 211, -119, 4.1, 0.055, 3, 559
2019-02-12 20:33:52.503299,  , rf>12, 85, 438102051, 495, 1, 4207, 11:1:80, 1:41:32.521, 0,  0.00000,    0.00000, 0, -80, 4.2, 1.334, 3, 164
2019-02-12 20:33:53.462116,  , rf>11, 83, 349632290, 1550, 1, 4241, 12:2:19, 20:33:46.60, 1,  0.00000,    0.00000, 212, -119, 4.1, 0.052, 3, 472
2019-02-12 20:33:56.805189,  , rf>11, 84, 349636695, 1048, 1, 3185, 12:2:19, 20:33:51.477, 2,  0.00000,    0.00000, 217, -120, 4.1, 0.242, 3, 164
2019-02-12 20:33:56.916320,  , rf>12, 86, 438106422, 480, 1, 4255, 11:1:80, 1:41:36.893, 0,  0.00000,    0.00000, 0, -83, 4.2, 1.047, 3, 164
2019-02-12 20:34:00.481572,  , rf>11, 85, 349640044, 1530, 1, 3514, 12:2:19, 20:33:54.805, 2,  0.00000,    0.00000, 222, -119, 4.1, 0.061, 3, 164
2019-02-12 20:34:01.014280,  , rf>12, 87, 438110841, 652, 1, 3921, 11:1:80, 1:41:41.303, 0,  0.00000,    0.00000, 0, -83, 4.2, 1.531, 3, 164
2019-02-12 20:34:03.800051,  , rf>11, 86, 349643722, 951, 1, 3138, 12:2:19, 20:33:58.508, 2,  0.00000,    0.00000, 225, -120, 4.1, 0.113, 3, 164
2019-02-12 20:34:05.397796,  , rf>12, 88, 438114926, 376, 1, 4211, 11:1:80, 1:41:45.406, 0,  0.00000,    0.00000, 0, -81, 4.2, 1.205, 3, 164
2019-02-12 20:34:08.755227,  , rf>11, 87, 349647024, 1028, 1, 4789, 12:2:19, 20:34:0.148, 1,  0.00000,    0.00000, 224, -109, 4.1, 0.103, 3, 164
2019-02-12 20:34:10.419587,  , rf>12, 89, 438119301, 718, 1, 4867, 11:1:80, 1:41:49.784, 0,  0.00000,    0.00000, 0, -83, 4.2, 1.441, 3, 164
2019-02-12 20:34:13.669818,  , rf>11, 88, 349651977, 516, 1, 4752, 12:2:19, 20:34:6.251, 1,  0.00000,    0.00000, 225, -112, 4.1, 0.061, 3, 164
2019-02-12 20:34:15.407202,  , rf>12, 90, 438124332, 375, 2, 4440, 11:1:80, 1:41:54.807, 0,  0.00000,    0.00000, 0, -83, 4.2, 1.234, 3, 164
2019-02-12 20:34:17.599214,  , rf>11, 89, 349656893, 417, 1, 3762, 12:2:19, 20:34:11.680, 1,  0.00000,    0.00000, 241, -122, 4.1, 0.068, 3, 164
2019-02-12 20:34:19.556764,  , rf>12, 91, 438129313, 652, 1, 3997, 11:1:80, 1:41:59.779, 0,  0.00000,    0.00000, 0, -83, 4.2, 1.486, 3, 541
2019-02-12 20:34:22.664794,  , rf>11, 90, 349660819, 413, 1, 4904, 12:2:19, 20:34:15.598, 1,  0.00000,    0.00000, 230, -119, 4.1, 0.074, 3, 164
2019-02-12 20:34:24.286054,  , rf>12, 92, 438133474, 555, 2, 4542, 11:1:80, 1:42:3.943, 0,  0.00000,    0.00000, 0, -83, 4.2, 1.415, 3, 164
2019-02-12 20:34:27.023213,  , rf>11, 91, 349665887, 460, 1, 4207, 12:2:19, 20:34:20.661, 1,  0.00000,    0.00000, 213, -121, 4.1, 0.064, 3, 164
2019-02-12 20:34:28.817983,  , rf>12, 93, 438138180, 646, 1, 4385, 11:1:80, 1:42:8.659, 0,  0.00000,    0.00000, 0, -83, 4.2, 1.495, 3, 164
2019-02-12 20:34:30.885282,  , rf>11, 92, 349670258, 425, 1, 3679, 12:2:19, 20:34:24.833, 1,  0.00000,    0.00000, 211, -119, 4.1, 0.064, 3, 164
2019-02-12 20:34:32.377533,  , rf>12, 94, 438142729, 330, 1, 3397, 11:1:80, 1:42:13.199, 0,  0.00000,    0.00000, 0, -83, 4.2, 1.176, 3, 164
2019-02-12 20:34:36.010762,  , rf>11, 93, 349674101, 875, 1, 4965, 12:2:19, 20:34:28.890, 1,  0.00000,    0.00000, 208, -118, 4.1, 0.068, 3, 164
2019-02-12 20:34:36.895781,  , rf>12, 95, 438146290, 220, 1, 4343, 11:1:80, 1:42:16.780, 0,  0.00000,    0.00000, 0, -83, 4.2, 1.511, 3, 164
2019-02-12 20:34:39.271042,  , rf>11, 94, 349679230, 571, 1, 3106, 12:2:19, 20:34:33.13, 1,  0.00000,    0.00000, 203, -117, 4.1, 0.880, 3, 164
2019-02-12 20:34:41.643824,  , rf>12, 96, 438150797, 617, 1, 4578, 11:1:80, 1:42:21.287, 0,  0.00000,    0.00000, 0, -82, 4.2, 1.344, 3, 164
2019-02-12 20:34:42.941968,  , rf>11, 95, 349682500, 592, 1, 3183, 12:2:19, 20:34:36.817, 1,  0.00000,    0.00000, 207, -118, 4.1, 0.145, 3, 164
2019-02-12 20:34:45.531761,  , rf>12, 97, 438155539, 822, 1, 3725, 11:1:80, 1:42:25.23, 0,  0.00000,    0.00000, 0, -84, 4.2, 0.860, 3, 164
2019-02-12 20:34:47.540982,  , rf>11, 96, 349686167, 567, 1, 4440, 12:2:19, 20:34:40.951, 1,  0.00000,    0.00000, 221, -118, 4.1, 0.064, 3, 484
2019-02-12 20:34:49.032720,  , rf>12, 98, 438159428, 578, 1, 3334, 11:1:80, 1:42:29.913, 0,  0.00000,    0.00000, 0, -84, 4.2, 1.540, 3, 164
2019-02-12 20:34:50.776087,  , rf>11, 97, 349690771, 526, 1, 3057, 12:2:19, 20:34:45.557, 1,  0.00000,    0.00000, 230, -124, 4.1, 0.097, 3, 164
2019-02-12 20:34:52.329246,  , rf>12, 99, 438162926, 687, 1, 3133, 11:1:80, 1:42:33.411, 0,  0.00000,    0.00000, 0, -83, 4.2, 0.883, 3, 164
2019-02-12 20:34:55.608233,  , rf>11, 98, 349693992, 675, 1, 4667, 12:2:19, 20:34:48.584, 1,  0.00000,    0.00000, 225, -109, 4.1, 0.087, 3, 164
2019-02-12 20:34:56.085649,  , rf>12, 100, 438166223, 1902, 1, 3593, 11:1:80, 1:42:36.700, 0,  0.00000,    0.00000, 0, -84, 4.2, 1.112, 3, 164
2019-02-12 20:34:58.907210,  , rf>11, 99, 349698823, 679, 1, 3138, 12:2:19, 20:34:53.612, 1,  0.00000,    0.00000, 219, -112, 4.1, 0.187, 3, 164
2019-02-12 20:34:59.302921,  , rf>12, 101, 438169980, 800, 1, 3055, 11:1:80, 1:42:40.476, 0,  0.00000,    0.00000, 0, -84, 4.2, 0.860, 3, 164
2019-02-12 20:35:02.222889,  , rf>11, 100, 349702125, 565, 1, 3153, 12:2:19, 20:34:56.925, 1,  0.00000,    0.00000, 205, -114, 4.1, 0.335, 3, 164
2019-02-12 20:35:03.134871,  , rf>12, 102, 438173199, 885, 1, 3680, 11:1:80, 1:42:43.687, 0,  0.00000,    0.00000, 0, -83, 4.2, 1.012, 3, 164
2019-02-12 20:35:05.885868,  , rf>11, 101, 349705442, 359, 1, 3499, 12:2:19, 20:35:0.241, 1,  0.00000,    0.00000, 187, -112, 4.1, 0.158, 3, 164
2019-02-12 20:35:08.108849,  , rf>12, 103, 438177043, 896, 1, 4807, 11:1:80, 1:42:47.532, 0,  0.00000,    0.00000, 0, -84, 4.2, 1.044, 3, 164
2019-02-12 20:35:10.308315,  , rf>11, 102, 349709105, 692, 1, 4258, 12:2:19, 20:35:3.906, 1,  0.00000,    0.00000, 181, -113, 4.1, 0.690, 3, 164
2019-02-12 20:35:12.730631,  , rf>12, 104, 438182014, 348, 1, 4442, 11:1:80, 1:42:52.512, 0,  0.00000,    0.00000, 0, -83, 4.2, 1.167, 3, 164
2019-02-12 20:35:15.303086,  , rf>11, 103, 349713527, -1, 0, 4825, 12:2:19, 20:35:8.318, 1,  0.00000,    0.00000, 191, -127, 4.1, 0.216, 3, 164
2019-02-12 20:35:16.709098,  , rf>12, 105, 438186620, 309, 1, 3818, 11:1:80, 1:42:56.121, 0,  0.00000,    0.00000, 0, -84, 4.2, 1.254, 3, 164
2019-02-12 20:35:18.872959,  , rf>11, 104, 349718516, 2369, 1, 3398, 12:2:19, 20:35:12.118, 1,  0.00000,    0.00000, 196, -112, 4.1, 0.522, 3, 164
2019-02-12 20:35:20.247365,  , rf>12, 106, 438190602, 384, 1, 3353, 11:1:80, 1:43:0.104, 0,  0.00000,    0.00000, 0, -83, 4.2, 0.967, 3, 164
2019-02-12 20:35:22.142387,  , rf>11, 105, 349722078, -1, 0, 3118, 12:2:19, 20:35:16.873, 1,  0.00000,    0.00000, 197, -112, 4.1, 0.767, 3, 164
2019-02-12 20:35:24.139445,  , rf>12, 107, 438194119, 352, 1, 3756, 11:1:80, 1:43:4.602, 0,  0.00000,    0.00000, 0, -83, 4.2, 1.244, 3, 164
2019-02-12 20:35:26.884884,  , rf>11, 106, 349725360, -1, 0, 4569, 12:2:19, 20:35:18.674, 0,  0.00000,    0.00000, 204, -112, 4.1, 0.442, 3, 164
2019-02-12 20:35:29.058099,  , rf>12, 108, 438198039, 701, 1, 4738, 11:1:80, 1:43:8.535, 0,  0.00000,    0.00000, 0, -83, 4.2, 1.121, 3, 164
2019-02-12 20:35:30.644066,  , rf>11, 107, 349730093, -1, 0, 3593, 12:2:19, 20:35:24.422, 1,  0.00000,    0.00000, 222, -111, 4.1, 0.509, 3, 164
2019-02-12 20:35:32.621393,  , rf>12, 109, 438202941, 297, 1, 3408, 11:1:80, 1:43:13.446, 0,  0.00000,    0.00000, 0, -83, 4.2, 1.144, 3, 164
2019-02-12 20:35:34.779273,  , rf>11, 108, 349733850, -1, 0, 3980, 12:2:19, 20:35:28.648, 1,  0.00000,    0.00000, 215, -108, 4.1, 0.957, 3, 164
2019-02-12 20:35:36.952329,  , rf>12, 110, 438206513, 521, 1, 4163, 11:1:80, 1:43:16.10, 0,  0.00000,    0.00000, 0, -83, 4.2, 0.909, 3, 164
2019-02-12 20:35:39.065291,  , rf>11, 109, 349737994, -1, 0, 4111, 12:2:19, 20:35:32.797, 1,  0.00000,    0.00000, 216, -113, 4.1, 0.709, 3, 164
2019-02-12 20:35:40.528353,  , rf>12, 111, 438210840, 458, 1, 3039, 11:1:80, 1:43:21.328, 0,  0.00000,    0.00000, 0, -80, 4.2, 1.083, 3, 164
2019-02-12 20:35:43.071290,  , rf>11, 110, 349742269, -1, 0, 3849, 12:2:19, 20:35:36.419, 1,  0.00000,    0.00000, 228, -107, 4.1, 0.535, 3, 164
2019-02-12 20:35:43.954505,  , rf>12, 112, 438214421, 999, 1, 3248, 11:1:80, 1:43:24.921, 0,  0.00000,    0.00000, 0, -84, 4.2, 1.254, 3, 542
2019-02-12 20:35:48.057785,  , rf>11, 111, 349746282, -1, 0, 4807, 12:2:19, 20:35:40.94, 1,  0.00000,    0.00000, 241, -107, 4.1, 0.712, 3, 164
2019-02-12 20:35:48.284958,  , rf>12, 113, 438217833, 829, 1, 4176, 11:1:80, 1:43:28.335, 0,  0.00000,    0.00000, 0, -83, 4.2, 1.312, 3, 164
2019-02-12 20:35:52.387434,  , rf>12, 114, 438222173, 557, 1, 3918, 11:1:80, 1:43:32.675, 0,  0.00000,    0.00000, 0, -84, 4.2, 1.051, 3, 164
2019-02-12 20:35:52.815475,  , rf>11, 112, 349751253, -1, 0, 4598, 12:2:19, 20:35:45.55, 1,  0.00000,    0.00000, 240, -111, 4.1, 0.976, 3, 164
2019-02-12 20:35:57.087388,  , rf>11, 113, 349756015, -1, 0, 4098, 12:2:19, 20:35:50.827, 1,  0.00000,    0.00000, 247, -111, 4.1, 0.999, 3, 164
2019-02-12 20:35:57.454134,  , rf>12, 115, 438226255, 521, 1, 4911, 11:1:80, 1:43:36.758, 0,  0.00000,    0.00000, 0, -84, 4.2, 1.105, 3, 164
2019-02-12 20:36:02.068355,  , rf>11, 114, 349760277, -1, 0, 4820, 12:2:19, 20:35:54.840, 1,  0.00000,    0.00000, 244, -111, 4.1, 0.799, 3, 164
2019-02-12 20:36:02.174361,  , rf>12, 116, 438231330, 404, 1, 4563, 11:1:80, 1:43:41.843, 0,  0.00000,    0.00000, 0, -81, 4.2, 1.115, 3, 164
2019-02-12 20:36:06.330166,  , rf>11, 115, 349765261, 1968, 1, 3353, 12:2:19, 20:35:59.469, 2,  0.00000,    0.00000, 242, -112, 4.1, 0.251, 3, 164
2019-02-12 20:36:06.789900,  , rf>12, 117, 438236057, 480, 1, 3773, 11:1:80, 1:43:46.563, 0,  0.00000,    0.00000, 0, -81, 4.2, 0.909, 3, 164
2019-02-12 20:36:11.030625,  , rf>12, 118, 438240670, 1154, 1, 4073, 11:1:80, 1:43:50.177, 0,  0.00000,    0.00000, 0, -82, 4.2, 1.331, 3, 840
2019-02-12 20:36:11.284075,  , rf>11, 116, 349769536, 632, 1, 4804, 12:2:19, 20:36:3.968, 2,  0.00000,    0.00000, 243, -111, 4.1, 0.000, 3, 922
2019-02-12 20:36:14.949956,  , rf>12, 119, 438244907, 890, 1, 3750, 11:1:80, 1:43:55.424, 0,  0.00000,    0.00000, 0, -81, 4.2, 1.212, 3, 164
2019-02-12 20:36:15.932104,  , rf>11, 117, 349774503, -1, 0, 3573, 12:2:19, 20:36:9.312, 1,  0.00000,    0.00000, 239, -111, 4.1, 0.412, 3, 163
2019-02-12 20:36:18.360010,  , rf>12, 120, 438248821, 420, 1, 3241, 11:1:80, 1:43:59.321, 0,  0.00000,    0.00000, 0, -83, 4.2, 1.105, 3, 164
2019-02-12 20:36:20.258814,  , rf>11, 118, 349779129, -1, 0, 4145, 12:2:19, 20:36:12.462, 1,  0.00000,    0.00000, 230, -112, 4.1, 0.964, 3, 1053
2019-02-12 20:36:21.832298,  , rf>12, 121, 438252226, 341, 1, 3318, 11:1:80, 1:44:2.738, 0,  0.00000,    0.00000, 0, -83, 4.2, 1.183, 3, 164
2019-02-12 20:36:23.778893,  , rf>11, 119, 349783438, -1, 0, 3380, 12:2:19, 20:36:18.262, 1,  0.00000,    0.00000, 224, -112, 4.1, 0.912, 3, 164
2019-02-12 20:36:25.619021,  , rf>12, 122, 438255708, 569, 1, 3619, 11:1:80, 1:44:6.221, 0,  0.00000,    0.00000, 0, -84, 4.2, 1.379, 3, 164
2019-02-12 20:36:27.263805,  , rf>11, 120, 349786982, -1, 0, 3317, 12:2:19, 20:36:21.810, 1,  0.00000,    0.00000, 224, -112, 4.1, 0.906, 3, 164
2019-02-12 20:36:29.432645,  , rf>12, 123, 438259491, 361, 1, 3650, 11:1:80, 1:44:9.995, 0,  0.00000,    0.00000, 0, -84, 4.2, 1.315, 3, 164
2019-02-12 20:36:31.089508,  , rf>11, 121, 349790463, -1, 0, 3653, 12:2:19, 20:36:24.628, 2,  0.00000,    0.00000, 233, -113, 4.1, 1.215, 3, 164
2019-02-12 20:36:33.576806,  , rf>12, 124, 438263305, 396, 1, 3987, 11:1:80, 1:44:13.810, 0,  0.00000,    0.00000, 0, -85, 4.2, 1.218, 3, 164
2019-02-12 20:36:35.768139,  , rf>11, 122, 349794280, -1, 0, 4515, 12:2:19, 20:36:28.109, 2,  0.00000,    0.00000, 239, -109, 4.1, 0.925, 3, 164
2019-02-12 20:36:38.145209,  , rf>12, 125, 438267456, -1, 0, 4400, 11:1:80, 1:44:17.962, 0,  0.00000,    0.00000, 0, -84, 4.2, 1.096, 3, 164
2019-02-12 20:36:39.866109,  , rf>11, 123, 349798959, -1, 0, 3918, 12:2:19, 20:36:33.790, 2,  0.00000,    0.00000, 241, -111, 4.1, 0.767, 3, 164
2019-02-12 20:36:42.966085,  , rf>12, 126, 438272020, 543, 1, 4656, 11:1:80, 1:44:22.537, 0,  0.00000,    0.00000, 0, -84, 4.2, 1.109, 3, 164
2019-02-12 20:36:43.616175,  , rf>11, 124, 349803041, -1, 0, 3599, 12:2:19, 20:36:36.379, 2,  0.00000,    0.00000, 248, -112, 4.1, 0.864, 3, 164
2019-02-12 20:36:46.988384,  , rf>12, 127, 438276840, 886, 1, 3857, 11:1:80, 1:44:27.367, 0,  0.00000,    0.00000, 0, -83, 4.2, 1.118, 3, 164
2019-02-12 20:36:48.184531,  , rf>11, 125, 349806804, -1, 0, 4391, 12:2:19, 20:36:41.637, 2,  0.00000,    0.00000, 242, -112, 4.1, 0.967, 3, 164
2019-02-12 20:36:51.864679,  , rf>12, 128, 438280861, 962, 2, 4707, 11:1:80, 1:44:31.388, 0,  0.00000,    0.00000, 0, -83, 4.2, 1.163, 3, 164
2019-02-12 20:36:53.203676,  , rf>11, 126, 349811359, -1, 0, 4847, 12:2:19, 20:36:45.180, 1,  0.00000,    0.00000, 239, -113, 4.1, 0.512, 3, 164
2019-02-12 20:36:56.103522,  , rf>12, 129, 438285732, 1613, 1, 4066, 11:1:80, 1:44:36.253, 0,  0.00000,    0.00000, 0, -83, 4.2, 1.080, 3, 164
2019-02-12 20:36:57.117620,  , rf>11, 127, 349816370, -1, 0, 3773, 12:2:19, 20:36:50.201, 1,  0.00000,    0.00000, 234, -111, 4.1, 0.267, 3, 164
2019-02-12 20:36:59.345352,  , rf>12, 130, 438289962, 509, 1, 3078, 11:1:80, 1:44:40.484, 0,  0.00000,    0.00000, 0, -82, 4.2, 0.938, 3, 164
2019-02-12 20:37:01.095517,  , rf>11, 128, 349820307, -1, 0, 3807, 12:2:19, 20:36:54.650, 1,  0.00000,    0.00000, 230, -112, 4.1, 0.151, 3, 164
2019-02-12 20:37:03.416871,  , rf>12, 131, 438293204, 766, 1, 3924, 11:1:80, 1:44:43.716, 0,  0.00000,    0.00000, 0, -83, 4.2, 1.121, 3, 164
2019-02-12 20:37:05.330227,  , rf>11, 129, 349824278, -1, 0, 4073, 12:2:19, 20:36:58.87, 2,  0.00000,    0.00000, 229, -112, 4.1, 0.110, 3, 164
2019-02-12 20:37:06.903762,  , rf>12, 132, 438297292, 585, 1, 3288, 11:1:80, 1:44:47.824, 0,  0.00000,    0.00000, 0, -83, 4.2, 1.176, 3, 164
2019-02-12 20:37:09.289222,  , rf>11, 130, 349828515, -1, 0, 3790, 12:2:19, 20:37:3.349, 2,  0.00000,    0.00000, 224, -118, 4.1, 0.712, 3, 164
2019-02-12 20:37:10.992507,  , rf>12, 133, 438300744, 377, 1, 3948, 11:1:80, 1:44:51.259, 0,  0.00000,    0.00000, 0, -83, 4.2, 1.325, 3, 164
2019-02-12 20:37:13.137314,  , rf>11, 131, 349832469, -1, 0, 3699, 12:2:19, 20:37:6.56, 2,  0.00000,    0.00000, 211, -121, 4.1, 0.819, 3, 164
2019-02-12 20:37:16.059032,  , rf>12, 134, 438304856, 808, 1, 4896, 11:1:80, 1:44:55.381, 0,  0.00000,    0.00000, 0, -83, 4.2, 0.728, 3, 164
2019-02-12 20:37:17.795289,  , rf>11, 132, 349836332, -1, 0, 4483, 12:2:19, 20:37:10.160, 2,  0.00000,    0.00000, 196, -118, 4.1, 0.867, 3, 164
2019-02-12 20:37:20.127108,  , rf>12, 135, 438309916, 489, 1, 3907, 11:1:80, 1:45:0.450, 0,  0.00000,    0.00000, 0, -82, 4.2, 1.395, 3, 164
2019-02-12 20:37:22.434403,  , rf>11, 133, 349840979, -1, 0, 4472, 12:2:19, 20:37:15.806, 2,  0.00000,    0.00000, 167, -113, 4.1, 0.168, 3, 164
2019-02-12 20:37:23.588596,  , rf>12, 136, 438313987, 632, 1, 3322, 11:1:80, 1:45:4.505, 0,  0.00000,    0.00000, 0, -83, 4.2, 1.395, 3, 164
2019-02-12 20:37:27.457742,  , rf>12, 137, 438317473, 930, 1, 3693, 11:1:80, 1:45:7.2, 0,  0.00000,    0.00000, 0, -82, 4.2, 1.202, 3, 164
2019-02-12 20:37:27.878101,  , rf>11, 134, 349845615, 1307, 1, 4904, 12:2:19, 20:37:20.453, 3,  0.00000,    0.00000, 151, -114, 4.1, 0.158, 3, 164
2019-02-12 20:37:30.838299,  , rf>12, 138, 438321330, 399, 1, 3222, 11:1:80, 1:45:11.860, 0,  0.00000,    0.00000, 0, -83, 4.2, 1.038, 3, 164
2019-02-12 20:37:32.577275,  , rf>11, 135, 349851057, 413, 1, 4535, 12:2:19, 20:37:24.815, 2,  0.00000,    0.00000, 172, -113, 4.1, 0.000, 3, 538
2019-02-12 20:37:35.367542,  , rf>12, 139, 438324716, 1330, 1, 4345, 11:1:80, 1:45:15.247, 0,  0.00000,    0.00000, 0, -84, 4.2, 1.244, 3, 164
2019-02-12 20:37:36.730598,  , rf>11, 136, 349855755, 333, 1, 3987, 12:2:19, 20:37:30.346, 1,  0.00000,    0.00000, 235, -112, 4.1, 0.290, 3, 163
2019-02-12 20:37:39.713457,  , rf>12, 140, 438329225, 472, 1, 4175, 11:1:80, 1:45:19.756, 0,  0.00000,    0.00000, 0, -83, 4.2, 1.598, 3, 164
2019-02-12 20:37:41.308825,  , rf>11, 137, 349859906, 328, 1, 4400, 12:2:19, 20:37:34.739, 1,  0.00000,    0.00000, 241, -113, 4.1, 0.345, 3, 164
2019-02-12 20:37:44.052064,  , rf>12, 141, 438333564, 319, 1, 4183, 11:1:80, 1:45:23.96, 0,  0.00000,    0.00000, 0, -84, 4.2, 1.563, 3, 164
2019-02-12 20:37:45.549586,  , rf>11, 138, 349864470, 329, 1, 4077, 12:2:19, 20:37:39.314, 1,  0.00000,    0.00000, 252, -118, 4.1, 0.255, 3, 164
2019-02-12 20:37:48.462426,  , rf>12, 142, 438337911, 488, 1, 4239, 11:1:80, 1:45:28.454, 0,  0.00000,    0.00000, 0, -83, 4.2, 1.128, 3, 164
2019-02-12 20:37:49.719631,  , rf>11, 139, 349868711, 521, 1, 4023, 12:2:19, 20:37:42.54, 0,  0.00000,    0.00000, 300, -112, 4.1, 0.180, 3, 164
2019-02-12 20:37:52.516381,  , rf>12, 143, 438342314, 390, 1, 3895, 11:1:80, 1:45:32.839, 0,  0.00000,    0.00000, 0, -83, 4.2, 0.951, 3, 164
2019-02-12 20:37:54.118199,  , rf>11, 140, 349872898, 640, 1, 4225, 12:2:19, 20:37:47.746, 0,  0.00000,    0.00000, 294, -112, 4.1, 0.229, 3, 164
2019-02-12 20:37:57.487328,  , rf>12, 144, 438346373, -1, 0, 4812, 11:1:80, 1:45:36.899, 0,  0.00000,    0.00000, 0, -83, 4.2, 1.218, 3, 164
2019-02-12 20:37:57.786498,  , rf>11, 141, 349877287, 635, 1, 3497, 12:2:19, 20:37:51.130, 1,  0.00000,    0.00000, 269, -114, 4.1, 0.248, 3, 164
2019-02-12 20:38:01.886773,  , rf>12, 145, 438351349, 495, 1, 4218, 11:1:80, 1:45:41.886, 0,  0.00000,    0.00000, 0, -83, 4.2, 1.125, 3, 164
2019-02-12 20:38:02.676581,  , rf>11, 142, 349880948, -1, 0, 4292, 12:2:19, 20:37:54.549, 2,  0.00000,    0.00000, 265, -124, 4.1, 0.831, 3, 164
2019-02-12 20:38:06.129769,  , rf>12, 146, 438355731, 1912, 1, 4081, 11:1:80, 1:45:46.259, 0,  0.00000,    0.00000, 0, -83, 4.2, 0.983, 3, 164
2019-02-12 20:38:07.225110,  , rf>11, 143, 349885841, 2436, 1, 4387, 12:2:19, 20:38:0.694, 2,  0.00000,    0.00000, 273, -113, 4.1, 1.131, 3, 601
2019-02-12 20:38:10.359410,  , rf>12, 147, 438359976, 692, 1, 4051, 11:1:80, 1:45:50.515, 0,  0.00000,    0.00000, 0, -83, 4.2, 1.092, 3, 164
2019-02-12 20:38:10.584102,  , rf>11, 144, 349890392, 591, 1, 3198, 12:2:19, 20:38:5.246, 2,  0.00000,    0.00000, 279, -113, 4.1, 0.354, 3, 164
2019-02-12 20:38:14.590556,  , rf>12, 148, 438364191, 885, 1, 4081, 11:1:80, 1:45:54.732, 0,  0.00000,    0.00000, 0, -84, 4.2, 1.241, 3, 164
2019-02-12 20:38:15.621091,  , rf>11, 145, 349893754, 695, 1, 4867, 12:2:19, 20:38:8.597, 3,  0.00000,    0.00000, 286, -113, 4.1, 0.142, 3, 164
2019-02-12 20:38:19.499367,  , rf>12, 149, 438368436, 660, 1, 4752, 11:1:80, 1:45:58.977, 0,  0.00000,    0.00000, 0, -84, 4.2, 1.321, 3, 164
2019-02-12 20:38:19.800007,  , rf>11, 146, 349898785, 482, 1, 4020, 12:2:19, 20:38:12.158, 3,  0.00000,    0.00000, 288, -112, 4.1, 0.777, 3, 164
2019-02-12 20:38:22.750796,  , rf>12, 150, 438373352, 770, 1, 3079, 11:1:80, 1:46:3.885, 0,  0.00000,    0.00000, 0, -83, 4.2, 0.860, 3, 164
2019-02-12 20:38:23.345450,  , rf>11, 147, 349902969, 408, 1, 3364, 12:2:19, 20:38:17.828, 3,  0.00000,    0.00000, 280, -112, 4.1, 0.348, 3, 164
2019-02-12 20:38:26.856935,  , rf>12, 151, 438376595, 567, 1, 3947, 11:1:80, 1:46:6.138, 0,  0.00000,    0.00000, 0, -84, 4.2, 1.486, 3, 164
2019-02-12 20:38:27.739936,  , rf>11, 148, 349906497, 428, 1, 4235, 12:2:19, 20:38:21.334, 3,  0.00000,    0.00000, 269, -113, 4.1, 0.158, 3, 164
2019-02-12 20:38:31.369956,  , rf>12, 152, 438380706, 532, 1, 4355, 11:1:80, 1:46:11.240, 0,  0.00000,    0.00000, 0, -83, 4.2, 1.350, 3, 164
2019-02-12 20:38:32.157621,  , rf>11, 149, 349910896, 377, 1, 3888, 12:2:19, 20:38:24.547, 3,  0.00000,    0.00000, 268, -113, 4.1, 0.129, 3, 164
2019-02-12 20:38:35.414133,  , rf>12, 153, 438385225, 253, 1, 3858, 11:1:80, 1:46:15.760, 0,  0.00000,    0.00000, 0, -84, 4.2, 1.002, 3, 164
2019-02-12 20:38:36.903298,  , rf>11, 150, 349915322, 513, 1, 4564, 12:2:19, 20:38:29.180, 3,  0.00000,    0.00000, 265, -112, 4.1, 0.135, 3, 538
2019-02-12 20:38:39.181844,  , rf>12, 154, 438389247, 666, 1, 3605, 11:1:80, 1:46:19.783, 0,  0.00000,    0.00000, 0, -82, 4.2, 1.141, 3, 164
2019-02-12 20:38:40.692829,  , rf>11, 151, 349920050, 638, 1, 3636, 12:2:19, 20:38:34.914, 2,  0.00000,    0.00000, 255, -109, 4.1, 0.155, 3, 164
2019-02-12 20:38:42.866715,  , rf>12, 155, 438393016, 712, 1, 3525, 11:1:80, 1:46:23.553, 0,  0.00000,    0.00000, 0, -84, 4.2, 1.179, 3, 164
2019-02-12 20:38:45.134375,  , rf>11, 152, 349923850, 808, 1, 4276, 12:2:19, 20:38:38.713, 1,  0.00000,    0.00000, 252, -111, 4.1, 0.168, 3, 164
2019-02-12 20:38:46.307838,  , rf>12, 156, 438396705, 637, 1, 3275, 11:1:80, 1:46:27.243, 0,  0.00000,    0.00000, 0, -83, 4.2, 1.005, 3, 164
2019-02-12 20:38:49.428576,  , rf>11, 153, 349928290, -1, 0, 4149, 12:2:19, 20:38:42.900, 1,  0.00000,    0.00000, 247, -113, 4.1, 0.396, 3, 164
2019-02-12 20:38:49.963980,  , rf>12, 157, 438400144, 748, 1, 3492, 11:1:80, 1:46:30.694, 0,  0.00000,    0.00000, 0, -81, 4.2, 1.470, 3, 164
2019-02-12 20:38:52.752000,  , rf>11, 154, 349932603, 546, 1, 3140, 12:2:19, 20:38:47.451, 1,  0.00000,    0.00000, 228, -113, 4.1, 0.122, 3, 164
2019-02-12 20:38:54.964068,  , rf>12, 158, 438403800, 508, 1, 4836, 11:1:80, 1:46:34.351, 0,  0.00000,    0.00000, 0, -83, 4.2, 1.466, 3, 164
2019-02-12 20:38:57.601428,  , rf>11, 155, 349935907, 659, 1, 4686, 12:2:19, 20:38:50.772, 1,  0.00000,    0.00000, 232, -112, 4.1, 0.110, 3, 164
2019-02-12 20:38:58.860206,  , rf>12, 159, 438408800, -1, 0, 3739, 11:1:80, 1:46:39.360, 0,  0.00000,    0.00000, 0, -83, 4.2, 1.144, 3, 164
2019-02-12 20:39:01.002128,  , rf>11, 156, 349940757, -1, 0, 3217, 12:2:19, 20:38:54.116, 1,  0.00000,    0.00000, 228, -113, 4.1, 0.570, 3, 164
2019-02-12 20:39:02.258960,  , rf>12, 160, 438412703, 446, 1, 3223, 11:1:80, 1:46:43.245, 0,  0.00000,    0.00000, 0, -83, 4.2, 1.147, 3, 164
2019-02-12 20:39:04.154273,  , rf>11, 157, 349944138, -1, 0, 3008, 12:2:19, 20:38:58.6, 1,  0.00000,    0.00000, 221, -118, 4.1, 0.325, 3, 164
2019-02-12 20:39:07.009546,  , rf>12, 161, 438416090, 593, 1, 4580, 11:1:80, 1:46:46.644, 0,  0.00000,    0.00000, 0, -81, 4.2, 0.567, 3, 164
2019-02-12 20:39:08.390011,  , rf>11, 158, 349947310, 893, 1, 4081, 12:2:19, 20:39:0.678, 1,  0.00000,    0.00000, 209, -112, 4.1, 0.103, 3, 164
2019-02-12 20:39:11.565973,  , rf>12, 162, 438420834, 742, 1, 4394, 11:1:80, 1:46:51.380, 0,  0.00000,    0.00000, 0, -81, 4.2, 1.083, 3, 164
2019-02-12 20:39:12.632679,  , rf>11, 159, 349951555, 2952, 1, 4051, 12:2:19, 20:39:6.412, 1,  0.00000,    0.00000, 195, -109, 4.1, 0.461, 3, 164
2019-02-12 20:39:16.469254,  , rf>12, 163, 438425392, 465, 1, 4734, 11:1:80, 1:46:55.939, 0,  0.00000,    0.00000, 0, -84, 4.2, 1.453, 3, 164
2019-02-12 20:39:16.864985,  , rf>11, 160, 349955770, -1, 0, 4081, 12:2:19, 20:39:10.631, 1,  0.00000,    0.00000, 183, -112, 4.1, 0.667, 3, 164
2019-02-12 20:39:20.208496,  , rf>12, 164, 438430290, 720, 1, 3586, 11:1:80, 1:47:0.846, 0,  0.00000,    0.00000, 0, -84, 4.2, 1.018, 3, 164
2019-02-12 20:39:21.273834,  , rf>11, 161, 349960015, -1, 0, 3807, 12:2:19, 20:39:14.877, 2,  0.00000,    0.00000, 172, -113, 4.1, 0.625, 3, 164
2019-02-12 20:39:24.536118,  , rf>12, 165, 438434040, 528, 1, 4157, 11:1:80, 1:47:4.598, 0,  0.00000,    0.00000, 0, -85, 4.2, 1.096, 3, 164
2019-02-12 20:39:25.526463,  , rf>11, 162, 349964415, -1, 0, 3684, 12:2:19, 20:39:18.793, 2,  0.00000,    0.00000, 175, -112, 4.1, 0.854, 3, 593
2019-02-12 20:39:28.843609,  , rf>12, 166, 438438361, 469, 1, 4158, 11:1:80, 1:47:8.921, 0,  0.00000,    0.00000, 0, -84, 4.2, 1.012, 3, 164
2019-02-12 20:39:29.123312,  , rf>11, 163, 349968665, -1, 0, 3436, 12:2:19, 20:39:22.530, 2,  0.00000,    0.00000, 180, -114, 4.1, 0.068, 3, 566
2019-02-12 20:39:33.001358,  , rf>12, 167, 438442683, 587, 1, 3987, 11:1:80, 1:47:13.252, 0,  0.00000,    0.00000, 0, -81, 4.2, 1.424, 3, 164
2019-02-12 20:39:34.991057,  , rf>11, 164, 349972265, 1535, 1, 4490, 12:2:19, 20:39:26.145, 2,  0.00000,    0.00000, 181, -114, 4.1, 0.081, 3, 164
2019-02-12 20:39:37.800710,  , rf>12, 168, 438446834, 702, 1, 4627, 11:1:80, 1:47:17.403, 0,  0.00000,    0.00000, 0, -84, 4.2, 1.096, 3, 164
2019-02-12 20:39:39.244143,  , rf>11, 165, 349978135, 432, 1, 3724, 12:2:19, 20:39:30.762, 1,  0.00000,    0.00000, 180, -113, 4.1, 0.106, 3, 1380
2019-02-12 20:39:41.494095,  , rf>12, 169, 438451625, 994, 1, 3519, 11:1:80, 1:47:22.188, 0,  0.00000,    0.00000, 0, -83, 4.2, 1.041, 3, 164
2019-02-12 20:39:42.621328,  , rf>11, 166, 349982381, 441, 1, 3216, 12:2:19, 20:39:36.54, 1,  0.00000,    0.00000, 171, -111, 4.1, 0.110, 3, 522
2019-02-12 20:39:44.861860,  , rf>12, 170, 438455308, 949, 1, 3216, 11:1:80, 1:47:25.880, 0,  0.00000,    0.00000, 0, -83, 4.2, 1.444, 3, 164
2019-02-12 20:39:46.509428,  , rf>11, 167, 349985761, 1024, 1, 3715, 12:2:19, 20:39:40.652, 1,  0.00000,    0.00000, 167, -113, 4.1, 0.113, 3, 164
2019-02-12 20:39:49.075211,  , rf>12, 171, 438458688, -1, 0, 4051, 11:1:80, 1:47:29.242, 0,  0.00000,    0.00000, 0, -84, 4.2, 1.109, 3, 164
2019-02-12 20:39:50.704489,  , rf>11, 168, 349989640, 852, 1, 4021, 12:2:19, 20:39:44.517, 1,  0.00000,    0.00000, 168, -111, 4.1, 0.110, 3, 164
2019-02-12 20:39:54.060379,  , rf>12, 172, 438462903, 554, 1, 4834, 11:1:80, 1:47:33.460, 0,  0.00000,    0.00000, 0, -84, 4.2, 1.125, 3, 164
2019-02-12 20:39:55.367952,  , rf>11, 169, 349993825, 672, 1, 4116, 12:2:19, 20:39:48.228, 1,  0.00000,    0.00000, 190, -114, 4.1, 0.129, 3, 164
2019-02-12 20:39:58.558117,  , rf>11, 170, 349998502, -1, 0, 3015, 12:2:19, 20:39:52.782, 1,  0.00000,    0.00000, 197, -109, 4.1, 0.506, 3, 561
2019-02-12 20:39:58.781705,  , rf>12, 173, 438467901, 750, 1, 4542, 11:1:80, 1:47:38.467, 0,  0.00000,    0.00000, 0, -83, 4.2, 0.883, 3, 164
2019-02-12 20:40:02.956345,  , rf>12, 174, 438472607, 925, 1, 4013, 11:1:80, 1:47:42.493, 0,  0.00000,    0.00000, 0, -84, 4.2, 1.466, 3, 164
2019-02-12 20:40:03.510051,  , rf>11, 171, 350002447, 482, 1, 4026, 12:2:19, 20:39:56.335, 2,  0.00000,    0.00000, 182, -118, 4.1, 0.132, 3, 930
2019-02-12 20:40:06.551327,  , rf>12, 175, 438476784, 1036, 1, 3427, 11:1:80, 1:47:47.353, 0,  0.00000,    0.00000, 0, -84, 4.2, 1.196, 3, 164
2019-02-12 20:40:07.581388,  , rf>11, 172, 350006637, 666, 1, 3900, 12:2:19, 20:40:0.324, 2,  0.00000,    0.00000, 164, -120, 4.1, 0.116, 3, 164
2019-02-12 20:40:10.145357,  , rf>12, 176, 438480375, 2563, 1, 3425, 11:1:80, 1:47:50.953, 0,  0.00000,    0.00000, 0, -83, 4.2, 1.063, 3, 164
2019-02-12 20:40:11.935630,  , rf>11, 173, 350010701, 1099, 1, 4200, 12:2:19, 20:40:5.596, 1,  0.00000,    0.00000, 167, -113, 4.1, 0.232, 3, 164
2019-02-12 20:40:14.315456,  , rf>12, 177, 438483964, 651, 1, 3997, 11:1:80, 1:47:54.543, 0,  0.00000,    0.00000, 0, -84, 4.2, 1.102, 3, 164
2019-02-12 20:40:16.838066,  , rf>11, 174, 350015065, 459, 1, 4733, 12:2:19, 20:40:9.958, 1,  0.00000,    0.00000, 176, -112, 4.1, 0.100, 3, 164
2019-02-12 20:40:18.086463,  , rf>12, 178, 438488125, 686, 1, 3619, 11:1:80, 1:47:58.687, 0,  0.00000,    0.00000, 0, -83, 4.2, 1.408, 3, 164
2019-02-12 20:40:20.599487,  , rf>11, 175, 350019962, 1743, 1, 3586, 12:2:19, 20:40:14.851, 1,  0.00000,    0.00000, 199, -113, 4.1, 0.142, 3, 164
2019-02-12 20:40:21.349085,  , rf>12, 179, 438491908, 378, 1, 3095, 11:1:80, 1:48:2.472, 0,  0.00000,    0.00000, 0, -83, 4.2, 1.073, 3, 164
2019-02-12 20:40:24.777423,  , rf>12, 180, 438495167, 719, 1, 3267, 11:1:80, 1:48:5.741, 0,  0.00000,    0.00000, 0, -83, 4.2, 1.528, 3, 164
2019-02-12 20:40:25.980141,  , rf>11, 176, 350023712, 544, 1, 4157, 12:2:19, 20:40:18.359, 1,  0.00000,    0.00000, 224, -113, 4.1, 0.290, 3, 164
2019-02-12 20:40:28.989564,  , rf>12, 181, 438498598, -1, 0, 4046, 11:1:80, 1:48:8.188, 0,  0.00000,    0.00000, 0, -83, 4.2, 0.951, 3, 164
2019-02-12 20:40:29.539390,  , rf>11, 177, 350029119, 961, 1, 3375, 12:2:19, 20:40:22.17, 1,  0.00000,    0.00000, 230, -119, 4.1, 0.496, 3, 1250
2019-02-12 20:40:33.323397,  , rf>12, 182, 438502808, 303, 1, 4164, 11:1:80, 1:48:13.383, 0,  0.00000,    0.00000, 0, -84, 4.2, 0.851, 3, 164
2019-02-12 20:40:34.442315,  , rf>11, 178, 350032658, -1, 0, 4720, 12:2:19, 20:40:27.564, 1,  0.00000,    0.00000, 231, -117, 4.1, 0.841, 3, 164
2019-02-12 20:40:36.505491,  , rf>12, 183, 438507136, -1, 0, 3008, 11:1:80, 1:48:17.713, 0,  0.00000,    0.00000, 0, -84, 4.2, 1.150, 3, 164
2019-02-12 20:40:39.224835,  , rf>11, 179, 350037542, -1, 0, 4627, 12:2:19, 20:40:32.444, 1,  0.00000,    0.00000, 238, -114, 4.1, 0.577, 3, 164
2019-02-12 20:40:39.917939,  , rf>12, 184, 438510308, 500, 1, 3273, 11:1:80, 1:48:20.887, 0,  0.00000,    0.00000, 0, -83, 4.2, 0.809, 3, 164
2019-02-12 20:40:43.274631,  , rf>12, 185, 438513745, 815, 1, 3172, 11:1:80, 1:48:24.324, 0,  0.00000,    0.00000, 0, -83, 4.2, 1.009, 3, 164
2019-02-12 20:40:44.711892,  , rf>11, 180, 350042333, -1, 0, 4910, 12:2:19, 20:40:36.757, 1,  0.00000,    0.00000, 216, -123, 4.1, 0.683, 3, 164
2019-02-12 20:40:46.832479,  , rf>12, 186, 438517081, 635, 1, 3399, 11:1:80, 1:48:27.670, 0,  0.00000,    0.00000, 0, -84, 4.2, 1.263, 3, 164
2019-02-12 20:40:50.369126,  , rf>12, 187, 438520644, 1001, 1, 3361, 11:1:80, 1:48:31.234, 0,  0.00000,    0.00000, 0, -80, 4.2, 1.273, 3, 164
2019-02-12 20:40:53.541764,  , rf>11, 182, 350052864, -1, 0, 3618, 12:2:19, 20:40:46.751, 1,  0.00000,    0.00000, 228, -114, 4.1, 0.831, 3, 1526
2019-02-12 20:40:54.456186,  , rf>12, 188, 438524169, 586, 2, 3931, 11:1:80, 1:48:34.752, 0,  0.00000,    0.00000, 0, -83, 4.2, 1.395, 3, 164
2019-02-12 20:40:58.229470,  , rf>12, 189, 438528264, 1069, 1, 3215, 11:1:80, 1:48:38.848, 0,  0.00000,    0.00000, 0, -84, 4.2, 1.167, 3, 164
2019-02-12 20:40:58.461277,  , rf>11, 183, 350056646, -1, 0, 4051, 12:2:19, 20:40:51.557, 2,  0.00000,    0.00000, 221, -113, 4.1, 0.641, 3, 164
2019-02-12 20:41:01.605768,  , rf>12, 190, 438532023, 725, 1, 3223, 11:1:80, 1:48:42.608, 0,  0.00000,    0.00000, 0, -84, 4.2, 1.128, 3, 544
2019-02-12 20:41:03.308146,  , rf>11, 184, 350061559, -1, 0, 4694, 12:2:19, 20:40:54.973, 2,  0.00000,    0.00000, 218, -113, 4.1, 0.554, 3, 862
2019-02-12 20:41:06.204644,  , rf>12, 191, 438535410, 3297, 1, 4427, 11:1:80, 1:48:45.5, 0,  0.00000,    0.00000, 0, -82, 4.2, 1.192, 3, 164
2019-02-12 20:41:10.522709,  , rf>12, 192, 438540001, 1014, 1, 4148, 11:1:80, 1:48:50.588, 0,  0.00000,    0.00000, 0, -82, 4.2, 1.421, 3, 164
2019-02-12 20:41:13.538091,  , rf>11, 186, 350071773, -1, 0, 4696, 12:2:19, 20:41:5.899, 1,  0.00000,    0.00000, 218, -123, 4.1, 0.657, 3, 1426
2019-02-12 20:41:15.594505,  , rf>12, 193, 438544313, 770, 1, 4926, 11:1:80, 1:48:54.891, 0,  0.00000,    0.00000, 0, -83, 4.2, 1.025, 3, 164
2019-02-12 20:41:17.522765,  , rf>11, 187, 350076633, -1, 0, 3421, 12:2:19, 20:41:11.555, 1,  0.00000,    0.00000, 229, -119, 4.1, 0.986, 3, 164
2019-02-12 20:41:20.834599,  , rf>12, 194, 438549403, 546, 1, 4658, 11:1:80, 1:48:59.993, 0,  0.00000,    0.00000, 0, -82, 4.2, 1.215, 3, 164
2019-02-12 20:41:25.089196,  , rf>12, 195, 438554621, 512, 1, 3694, 11:1:80, 1:49:4.201, 0,  0.00000,    0.00000, 0, -83, 4.2, 0.838, 3, 560
2019-02-12 20:41:29.372031,  , rf>12, 196, 438558908, 824, 1, 4098, 11:1:80, 1:49:8.509, 0,  0.00000,    0.00000, 0, -84, 4.2, 1.083, 3, 593
2019-02-12 20:41:33.328652,  , rf>12, 197, 438563170, 793, 1, 3788, 11:1:80, 1:49:13.765, 0,  0.00000,    0.00000, 0, -84, 4.2, 1.060, 3, 164
2019-02-12 20:41:37.003390,  , rf>12, 198, 438567122, 878, 1, 3514, 11:1:80, 1:49:17.717, 0,  0.00000,    0.00000, 0, -83, 4.2, 1.463, 3, 164
2019-02-12 20:41:41.752624,  , rf>11, 192, 350100000, 1771, 1, 4667, 12:2:19, 20:41:33.112, 2,  0.00000,    0.00000, 234, -116, 4.1, 0.383, 3, 1506
2019-02-12 20:41:41.947514,  , rf>12, 199, 438570800, -1, 0, 4770, 11:1:80, 1:49:21.397, 0,  0.00000,    0.00000, 0, -84, 4.2, 1.305, 3, 164
2019-02-12 20:41:45.319523,  , rf>11, 193, 350104831, -1, 0, 3399, 12:2:19, 20:41:39.753, 2,  0.00000,    0.00000, 219, -121, 4.1, 0.477, 3, 164
2019-02-12 20:41:46.280628,  , rf>12, 200, 438575734, 390, 1, 4168, 11:1:80, 1:49:26.342, 0,  0.00000,    0.00000, 0, -84, 4.2, 0.960, 3, 164
2019-02-12 20:41:49.644731,  , rf>11, 194, 350108394, 373, 1, 4165, 12:2:19, 20:41:42.845, 1,  0.00000,    0.00000, 204, -117, 4.1, 0.393, 3, 164
2019-02-12 20:41:50.164385,  , rf>12, 201, 438580066, 578, 1, 3723, 11:1:80, 1:49:30.673, 0,  0.00000,    0.00000, 0, -83, 4.2, 0.944, 3, 164
2019-02-12 20:41:53.933448,  , rf>12, 202, 438583953, -1, 0, 3602, 11:1:80, 1:49:34.544, 0,  0.00000,    0.00000, 0, -82, 4.2, 1.325, 3, 164
2019-02-12 20:41:54.427018,  , rf>11, 195, 350112723, 277, 1, 4619, 12:2:19, 20:41:47.654, 1,  0.00000,    0.00000, 200, -114, 4.1, 0.416, 3, 164
2019-02-12 20:41:58.049664,  , rf>12, 203, 438587719, 763, 1, 3957, 11:1:80, 1:49:38.329, 0,  0.00000,    0.00000, 0, -83, 4.2, 1.141, 3, 164
2019-02-12 20:41:58.688576,  , rf>11, 196, 350117506, 327, 1, 4093, 12:2:19, 20:41:52.446, 1,  0.00000,    0.00000, 215, -117, 4.1, 0.367, 3, 164
2019-02-12 20:42:02.860110,  , rf>12, 204, 438591840, 894, 1, 4634, 11:1:80, 1:49:42.451, 0,  0.00000,    0.00000, 0, -84, 4.2, 1.399, 3, 164
2019-02-12 20:42:07.124573,  , rf>12, 205, 438596638, 549, 1, 4101, 11:1:80, 1:49:47.240, 0,  0.00000,    0.00000, 0, -84, 4.2, 1.260, 3, 164
2019-02-12 20:42:08.597060,  , rf>11, 198, 350128376, -1, 0, 3132, 12:2:19, 20:42:0.293, 1,  0.00000,    0.00000, 229, -118, 4.1, 0.093, 3, 1687
2019-02-12 20:42:12.260948,  , rf>12, 206, 438600903, 855, 1, 4968, 11:1:80, 1:49:51.507, 0,  0.00000,    0.00000, 0, -84, 4.2, 1.315, 3, 164
2019-02-12 20:42:13.512206,  , rf>11, 199, 350131672, 478, 1, 4750, 12:2:19, 20:42:6.615, 1,  0.00000,    0.00000, 216, -117, 4.1, 0.206, 3, 164
2019-02-12 20:42:16.674277,  , rf>12, 207, 438606035, 429, 1, 4261, 11:1:80, 1:49:56.641, 0,  0.00000,    0.00000, 0, -83, 4.2, 1.070, 3, 164
2019-02-12 20:42:18.524951,  , rf>11, 200, 350136586, 293, 1, 4841, 12:2:19, 20:42:11.535, 1,  0.00000,    0.00000, 224, -119, 4.1, 0.180, 3, 164
2019-02-12 20:42:21.383448,  , rf>12, 208, 438610460, 478, 1, 4539, 11:1:80, 1:50:0.66, 0,  0.00000,    0.00000, 0, -84, 4.2, 0.967, 3, 164
2019-02-12 20:42:22.772443,  , rf>11, 201, 350141591, 346, 1, 4082, 12:2:19, 20:42:16.530, 1,  0.00000,    0.00000, 228, -115, 4.1, 0.126, 3, 164
2019-02-12 20:42:25.494239,  , rf>12, 209, 438615163, 1809, 1, 3950, 11:1:80, 1:50:5.779, 0,  0.00000,    0.00000, 0, -84, 4.2, 1.163, 3, 164
2019-02-12 20:42:27.424843,  , rf>11, 202, 350145837, 1377, 1, 4135, 12:2:19, 20:42:20.786, 1,  0.00000,    0.00000, 228, -116, 4.1, 0.174, 3, 164
2019-02-12 20:42:29.834381,  , rf>12, 210, 438619277, -1, 0, 4179, 11:1:80, 1:50:9.875, 0,  0.00000,    0.00000, 0, -83, 4.2, 1.231, 3, 164
2019-02-12 20:42:31.013423,  , rf>11, 203, 350150494, 374, 1, 3425, 12:2:19, 20:42:24.244, 1,  0.00000,    0.00000, 221, -119, 4.1, 0.271, 3, 522
2019-02-12 20:42:33.809702,  , rf>12, 211, 438623620, 769, 1, 3809, 11:1:80, 1:50:14.230, 0,  0.00000,    0.00000, 0, -83, 4.2, 1.109, 3, 164
2019-02-12 20:42:36.709862,  , rf>11, 204, 350154083, 508, 1, 4729, 12:2:19, 20:42:28.25, 1,  0.00000,    0.00000, 222, -123, 4.1, 0.161, 3, 164
2019-02-12 20:42:38.452988,  , rf>12, 212, 438627593, 888, 1, 4480, 11:1:80, 1:50:18.204, 0,  0.00000,    0.00000, 0, -84, 4.2, 1.196, 3, 164
2019-02-12 20:42:42.808128,  , rf>12, 213, 438632237, 746, 1, 3811, 11:1:80, 1:50:22.849, 0,  0.00000,    0.00000, 0, -84, 4.2, 1.289, 3, 164
2019-02-12 20:42:46.645126,  , rf>12, 214, 438636580, 2152, 1, 3683, 11:1:80, 1:50:26.193, 0,  0.00000,    0.00000, 0, -85, 4.2, 1.363, 3, 532
2019-02-12 20:42:47.191542,  , rf>11, 206, 350165983, 624, 1, 3723, 12:2:19, 20:42:39.245, 2,  0.00000,    0.00000, 226, -119, 4.1, 0.290, 3, 1438
2019-02-12 20:42:51.330094,  , rf>12, 215, 438640427, 3078, 1, 4511, 11:1:80, 1:50:30.42, 0,  0.00000,    0.00000, 0, -84, 4.2, 1.321, 3, 164
2019-02-12 20:42:52.153655,  , rf>11, 207, 350170253, -1, 0, 4786, 12:2:19, 20:42:44.203, 1,  0.00000,    0.00000, 225, -121, 4.1, 0.480, 3, 547
2019-02-12 20:42:54.791172,  , rf>12, 216, 438645102, -1, 0, 3286, 11:1:80, 1:50:35.708, 0,  0.00000,    0.00000, 0, -86, 4.2, 1.189, 3, 164
2019-02-12 20:42:57.198202,  , rf>11, 208, 350175203, 1897, 1, 4567, 12:2:19, 20:42:48.967, 2,  0.00000,    0.00000, 228, -118, 4.1, 0.622, 3, 164
2019-02-12 20:42:59.123977,  , rf>12, 217, 438648552, 895, 1, 4171, 11:1:80, 1:50:38.169, 0,  0.00000,    0.00000, 0, -83, 4.2, 1.012, 3, 164
2019-02-12 20:43:01.952719,  , rf>11, 209, 350180247, 1441, 1, 4584, 12:2:19, 20:42:54.720, 1,  0.00000,    0.00000, 237, -112, 4.1, 0.068, 3, 477
2019-02-12 20:43:03.864839,  , rf>12, 218, 438652887, 1287, 1, 4588, 11:1:80, 1:50:43.496, 0,  0.00000,    0.00000, 0, -83, 4.2, 1.602, 3, 164
