2019-02-11 16:29:47.313188, , rf>11, 1, 248590290, 563, 1, 3349, 11:2:19, 16:29:41.464, 0,  0.00000,    0.00000, 0, -80, 4.2, 0.000, 3, 170662
2019-02-11 16:29:48.491583, , rf>12, 1, 337061757, 539, 1, 3073, 9:1:80, 21:37:28.763, 0,  0.00000,    0.00000, 0, -96, 4.2, 0.535, 3, 173104
2019-02-11 16:29:51.407924, , rf>11, 2, 248593803, 415, 1, 3953, 11:2:19, 16:29:45.435, 0,  0.00000,    0.00000, 0, -79, 4.2, 0.819, 3, 164
2019-02-11 16:29:52.442890, , rf>12, 2, 337066121, 874, 1, 3793, 9:1:80, 21:37:31.126, 0,  0.00000,    0.00000, 0, -95, 4.2, 0.938, 3, 1291
2019-02-11 16:29:54.987575, , rf>11, 3, 248597920, 387, 1, 3393, 11:2:19, 16:29:49.554, 0,  0.00000,    0.00000, 0, -79, 4.2, 0.622, 3, 164
2019-02-11 16:29:57.147112, , rf>12, 3, 337070078, 538, 1, 4561, 9:1:80, 21:37:36.98, 0,  0.00000,    0.00000, 0, -97, 4.2, 0.654, 3, 164
2019-02-11 16:30:00.110609, , rf>11, 4, 248601477, 412, 1, 4968, 11:2:19, 16:29:52.105, 0,  0.00000,    0.00000, 0, -81, 4.2, 0.516, 3, 164
2019-02-11 16:30:00.376207, , rf>12, 4, 337074803, 401, 1, 3049, 9:1:80, 21:37:41.816, 0,  0.00000,    0.00000, 0, -99, 4.2, 0.638, 3, 164
2019-02-11 16:30:04.846271, , rf>11, 5, 248606609, 376, 1, 4235, 11:2:19, 16:29:58.240, 0,  0.00000,    0.00000, 0, -80, 4.2, 0.471, 3, 164
2019-02-11 16:30:05.343536, , rf>12, 5, 337078016, 599, 1, 3918, 9:1:80, 21:37:44.40, 0,  0.00000,    0.00000, 0, -96, 4.2, 0.670, 3, 164
2019-02-11 16:30:08.623381, , rf>11, 6, 248611348, 255, 1, 3605, 11:2:19, 16:30:2.981, 0,  0.00000,    0.00000, 0, -81, 4.2, 0.561, 3, 504
2019-02-11 16:30:09.799901, , rf>12, 6, 337082976, 326, 1, 4304, 9:1:80, 21:37:48.2, 0,  0.00000,    0.00000, 0, -98, 4.2, 0.516, 3, 1042
2019-02-11 16:30:13.171183, , rf>11, 7, 248615117, 242, 1, 4380, 11:2:19, 16:30:6.764, 0,  0.00000,    0.00000, 0, -81, 4.2, 0.487, 3, 164
2019-02-11 16:30:14.019252, , rf>12, 7, 337087444, 240, 1, 3225, 9:1:80, 21:37:54.474, 0,  0.00000,    0.00000, 0, -98, 4.2, 0.483, 3, 164
2019-02-11 16:30:18.095800, , rf>12, 8, 337091670, 320, 1, 3560, 9:1:80, 21:37:57.709, 0,  0.00000,    0.00000, 0, -93, 4.2, 0.464, 3, 1001
2019-02-11 16:30:18.236350, , rf>11, 8, 248619661, 233, 1, 4496, 11:2:19, 16:30:11.310, 0,  0.00000,    0.00000, 0, -80, 4.2, 0.393, 3, 164
2019-02-11 16:30:21.906213, , rf>11, 9, 248624709, 411, 1, 3514, 11:2:19, 16:30:15.351, 0,  0.00000,    0.00000, 0, -84, 4.2, 0.606, 3, 552
2019-02-11 16:30:22.828010, , rf>12, 9, 337095734, 1415, 1, 3814, 9:1:80, 21:38:2.115, 0,  0.00000,    0.00000, 0, -95, 4.2, 0.580, 3, 504
2019-02-11 16:30:27.079504, , rf>11, 10, 248628387, 330, 1, 4976, 11:2:19, 16:30:19.32, 0,  0.00000,    0.00000, 0, -82, 4.2, 0.657, 3, 164
2019-02-11 16:30:27.519320, , rf>12, 10, 337100448, 1610, 1, 4531, 9:1:80, 21:38:6.484, 0,  0.00000,    0.00000, 0, -98, 4.2, 0.558, 3, 900
2019-02-11 16:30:30.294949, , rf>11, 11, 248633527, 215, 1, 3096, 11:2:19, 16:30:24.167, 0,  0.00000,    0.00000, 0, -82, 4.2, 0.696, 3, 164
2019-02-11 16:30:31.141170, , rf>12, 1
2019-02-11 16:30:33.837836, , rf>11, 12, 248636787, 352, 1, 3380, 11:2:19, 16:30:28.435, 0,  0.00000,    0.00000, 0, -81, 4.2, 0.603, 3, 164
2019-02-11 16:30:35.969852, , rf>12, 12, 337108770, 285, 1, 4658, 9:1:80, 21:38:15.804, 0,  0.00000,    0.00000, 0, -93, 4.2, 0.529, 3, 476
2019-02-11 16:30:38.840533, , rf>11, 13, 248640331, 350, 1, 4819, 11:2:19, 16:30:31.992, 0,  0.00000,    0.00000, 0, -80, 4.2, 0.532, 3, 164
2019-02-11 16:30:39.357444, , rf>12, 13, 337113592, 263, 1, 3206, 9:1:80, 21:38:20.640, 0,  0.00000,    0.00000, 0, -92, 4.2, 0.467, 3, 164
2019-02-11 16:30:42.665937, , rf>11, 14, 248645314, 292, 1, 3648, 11:2:19, 16:30:36.970, 0,  0.00000,    0.00000, 0, -81, 4.2, 0.554, 3, 164
2019-02-11 16:30:43.857180, , rf>12, 14, 337116962, 356, 1, 3522, 9:1:80, 21:38:23.0, 0,  0.00000,    0.00000, 0, -92, 4.2, 0.471, 3, 164
2019-02-11 16:30:46.476888, , rf>11, 15, 248649126, -1, 0, 3650, 11:2:19, 16:30:40.445, 0,  0.00000,    0.00000, 0, -82, 4.2, 0.596, 3, 164
2019-02-11 16:30:47.619197, , rf>12, 15, 337121461, 272, 1, 3617, 9:1:80, 21:38:27.521, 0,  0.00000,    0.00000, 0, -95, 4.2, 0.509, 3, 977
2019-02-11 16:30:50.206915, , rf>11, 16, 248652940, 364, 1, 3571, 11:2:19, 16:30:44.606, 0,  0.00000,    0.00000, 0, -82, 4.2, 0.599, 3, 164
2019-02-11 16:30:52.762640, , rf>12, 16, 337125242, 392, 1, 4956, 9:1:80, 21:38:32.301, 0,  0.00000,    0.00000, 0, -95, 4.2, 0.516, 3, 164
2019-02-11 16:30:53.452659, , rf>11, 17, 248656675, 316, 1, 3068, 11:2:19, 16:30:48.337, 0,  0.00000,    0.00000, 0, -83, 4.2, 0.670, 3, 164
2019-02-11 16:30:57.577130, , rf>12, 17, 337130362, 263, 1, 4651, 9:1:80, 21:38:37.414, 0,  0.00000,    0.00000, 0, -96, 4.2, 0.503, 3, 164
2019-02-11 16:30:57.875369, , rf>11, 18, 248659907, 257, 1, 4255, 11:2:19, 16:30:51.570, 0,  0.00000,    0.00000, 0, -82, 4.2, 0.783, 3, 164
2019-02-11 16:31:01.402728, , rf>11, 19, 248664326, 493, 1, 3362, 11:2:19, 16:30:55.997, 0,  0.00000,    0.00000, 0, -83, 4.2, 0.680, 3, 164
2019-02-11 16:31:02.157211, , rf>12, 18, 337135177, 420, 1, 4427, 9:1:80, 21:38:42.233, 0,  0.00000,    0.00000, 0, -91, 4.2, 0.587, 3, 164
2019-02-11 16:31:05.227384, , rf>11, 20, 248667852, 295, 1, 3668, 11:2:19, 16:30:59.525, 0,  0.00000,    0.00000, 0, -82, 4.2, 0.828, 3, 164
2019-02-11 16:31:06.701926, , rf>12, 19, 337139768, 288, 1, 4376, 9:1:80, 21:38:46.829, 0,  0.00000,    0.00000, 0, -90, 4.2, 0.619, 3, 164
2019-02-11 16:31:10.262236, , rf>11, 21, 248671684, 412, 1, 4880, 11:2:19, 16:31:3.352, 0,  0.00000,    0.00000, 0, -83, 4.2, 0.854, 3, 164
2019-02-11 16:31:10.702440, , rf>12, 20, 337144308, 729, 1, 3457, 9:1:80, 21:38:51.382, 0,  0.00000,    0.00000, 0, -89, 4.2, 0.512, 3, 164
2019-02-11 16:31:15.059583, , rf>12, 21, 337148308, 408, 1, 4171, 9:1:80, 21:38:54.372, 0,  0.00000,    0.00000, 0, -91, 4.2, 0.680, 3, 543
2019-02-11 16:31:16.002614, , rf>11, 22, 248676728, 386, 1, 4770, 11:2:19, 16:31:8.398, 0,  0.00000,    0.00000, 0, -83, 4.2, 0.561, 3, 164
2019-02-11 16:31:19.013208, , rf>12, 22, 337152643, 487, 1, 3345, 9:1:80, 21:38:59.16, 0,  0.00000,    0.00000, 0, -95, 4.2, 0.483, 3, 164
2019-02-11 16:31:19.733144, , rf>11, 23, 248682460, 286, 1, 3549, 11:2:19, 16:31:13.140, 0,  0.00000,    0.00000, 0, -82, 4.2, 0.558, 3, 962
2019-02-11 16:31:22.708085, , rf>12, 23, 337156601, 258, 1, 3519, 9:1:80, 21:39:3.681, 0,  0.00000,    0.00000, 0, -95, 4.2, 0.474, 3, 613
2019-02-11 16:31:23.605308, , rf>11, 24, 248686173, 475, 1, 3708, 11:2:19, 16:31:17.865, 0,  0.00000,    0.00000, 0, -83, 4.2, 0.529, 3, 164
2019-02-11 16:31:25.928077, , rf>12, 24, 337160284, 438, 1, 3062, 9:1:80, 21:39:7.367, 0,  0.00000,    0.00000, 0, -95, 4.2, 0.545, 3, 164
2019-02-11 16:31:28.184924, , rf>11, 25, 248690045, 373, 1, 4425, 11:2:19, 16:31:21.733, 0,  0.00000,    0.00000, 0, -83, 4.2, 0.529, 3, 164
2019-02-11 16:31:30.425979, , rf>12, 25, 337163510, 637, 1, 4348, 9:1:80, 21:39:10.603, 0,  0.00000,    0.00000, 0, -95, 4.2, 0.532, 3, 164
2019-02-11 16:31:32.294333, , rf>11, 26, 248694634, 464, 1, 3936, 11:2:19, 16:31:26.306, 0,  0.00000,    0.00000, 0, -83, 4.2, 0.654, 3, 164
2019-02-11 16:31:34.906692, , rf>12, 26, 337168022, 339, 1, 4284, 9:1:80, 21:39:14.117, 0,  0.00000,    0.00000, 0, -95, 4.2, 0.461, 3, 164
2019-02-11 16:31:35.538523, , rf>11, 27, 248698734, 569, 1, 3086, 11:2:19, 16:31:30.415, 0,  0.00000,    0.00000, 0, -82, 4.2, 0.599, 3, 164
2019-02-11 16:31:40.038475, , rf>12, 27, 337172470, 269, 1, 4975, 9:1:80, 21:39:19.558, 0,  0.00000,    0.00000, 0, -95, 4.2, 0.500, 3, 164
2019-02-11 16:31:40.211219, , rf>11, 28, 248701984, 538, 1, 4506, 11:2:19, 16:31:33.677, 0,  0.00000,    0.00000, 0, -91, 4.2, 0.703, 3, 164
2019-02-11 16:31:43.374576, , rf>12, 28, 337177609, 261, 1, 3155, 9:1:80, 21:39:24.708, 0,  0.00000,    0.00000, 0, -93, 4.2, 0.535, 3, 164
2019-02-11 16:31:44.492977, , rf>11, 29, 248706654, 372, 1, 3730, 11:2:19, 16:31:38.357, 0,  0.00000,    0.00000, 0, -83, 4.2, 0.458, 3, 164
2019-02-11 16:31:47.045900, , rf>12, 29, 337180928, 592, 2, 3542, 9:1:80, 21:39:27.20, 0,  0.00000,    0.00000, 0, -95, 4.2, 0.619, 3, 164
2019-02-11 16:31:49.100446, , rf>11, 30, 248710937, 258, 1, 4431, 11:2:19, 16:31:42.635, 0,  0.00000,    0.00000, 0, -83, 4.2, 0.409, 3, 553
2019-02-11 16:31:51.360496, , rf>12, 30, 337184634, -1, 0, 4126, 9:1:80, 21:39:31.729, 0,  0.00000,    0.00000, 0, -93, 4.2, 0.535, 3, 164
2019-02-11 16:31:54.150453, , rf>11, 31, 248715532, 293, 1, 4898, 11:2:19, 16:31:47.233, 0,  0.00000,    0.00000, 0, -83, 4.2, 0.474, 3, 164
2019-02-11 16:31:56.346359, , rf>12, 31, 337188924, 399, 1, 4823, 9:1:80, 21:39:35.21, 0,  0.00000,    0.00000, 0, -93, 4.2, 0.574, 3, 164
2019-02-11 16:31:58.305815, , rf>11, 32, 248720594, 362, 1, 3988, 11:2:19, 16:31:52.298, 0,  0.00000,    0.00000, 0, -82, 4.2, 0.506, 3, 164
2019-02-11 16:31:59.606656, , rf>12, 32, 337193911, 768, 1, 3089, 9:1:80, 21:39:40.9, 0,  0.00000,    0.00000, 0, -92, 4.2, 0.538, 3, 164
2019-02-11 16:32:01.568629, , rf>11, 33, 248724746, 275, 1, 3072, 11:2:19, 16:31:56.451, 0,  0.00000,    0.00000, 0, -82, 4.2, 0.619, 3, 164
2019-02-11 16:32:02.852044, , rf>12, 33, 337197164, 1424, 1, 3091, 9:1:80, 21:39:44.265, 0,  0.00000,    0.00000, 0, -93, 4.2, 0.483, 3, 164
2019-02-11 16:32:05.314241, , rf>11, 34, 248727982, 276, 1, 3598, 11:2:19, 16:31:59.695, 0,  0.00000,    0.00000, 0, -82, 4.2, 0.522, 3, 164
2019-02-11 16:32:06.960830, , rf>12, 34, 337200419, 743, 1, 3932, 9:1:80, 21:39:47.530, 0,  0.00000,    0.00000, 0, -93, 4.2, 0.474, 3, 164
2019-02-11 16:32:09.814029, , rf>11, 35, 248731744, 294, 1, 4341, 11:2:19, 16:32:3.443, 0,  0.00000,    0.00000, 0, -82, 4.2, 0.480, 3, 164
2019-02-11 16:32:10.677146, , rf>12, 35, 337204515, 291, 1, 3557, 9:1:80, 21:39:51.628, 0,  0.00000,    0.00000, 0, -93, 4.2, 0.529, 3, 164
2019-02-11 16:32:13.860046, , rf>11, 36, 248736249, 252, 1, 3872, 11:2:19, 16:32:7.959, 0,  0.00000,    0.00000, 0, -82, 4.2, 0.841, 3, 164
2019-02-11 16:32:14.424898, , rf>12, 36, 337208236, 433, 1, 3193, 9:1:80, 21:39:55.352, 0,  0.00000,    0.00000, 0, -92, 4.2, 0.483, 3, 164
2019-02-11 16:32:17.638943, , rf>12, 37, 337211982, 418, 1, 3044, 9:1:80, 21:39:58.91, 0,  0.00000,    0.00000, 0, -91, 4.2, 0.548, 3, 553
2019-02-11 16:32:19.003119, , rf>11, 37, 248740285, 266, 1, 4974, 11:2:19, 16:32:11.245, 0,  0.00000,    0.00000, 0, -82, 4.2, 0.000, 3, 164
2019-02-11 16:32:21.276036, , rf>12, 38, 337215190, 491, 1, 3490, 9:1:80, 21:40:2.302, 0,  0.00000,    0.00000, 0, -93, 4.2, 0.554, 3, 164
2019-02-11 16:32:22.217559, , rf>11, 38, 248745423, 240, 1, 3050, 11:2:19, 16:32:16.140, 0,  0.00000,    0.00000, 0, -82, 4.2, 0.645, 3, 164
2019-02-11 16:32:26.261481, , rf>12, 39, 337218844, 453, 1, 4817, 9:1:80, 21:40:5.965, 0,  0.00000,    0.00000, 0, -93, 4.2, 0.606, 3, 164
2019-02-11 16:32:26.763970, , rf>11, 39, 248748637, 644, 1, 4392, 11:2:19, 16:32:20.356, 0,  0.00000,    0.00000, 0, -82, 4.2, 0.471, 3, 164
2019-02-11 16:32:30.857362, , rf>11, 40, 248753193, 406, 1, 3617, 11:2:19, 16:32:24.912, 0,  0.00000,    0.00000, 0, -82, 4.2, 0.425, 3, 164
2019-02-11 16:32:31.311701, , rf>12, 40, 337223825, 408, 2, 4106, 9:1:80, 21:40:10.940, 0,  0.00000,    0.00000, 0, -93, 4.2, 0.448, 3, 164
2019-02-11 16:32:34.824629, , rf>11, 41, 248757284, 428, 1, 3793, 11:2:19, 16:32:28.404, 0,  0.00000,    0.00000, 0, -83, 4.2, 0.000, 3, 474
2019-02-11 16:32:36.032465, , rf>12, 41, 337228853, -1, 0, 4556, 9:1:80, 21:40:15.528, 0,  0.00000,    0.00000, 0, -93, 4.2, 0.603, 3, 922
2019-02-11 16:32:39.825554, , rf>12, 42, 337233573, 404, 1, 3266, 9:1:80, 21:40:20.695, 0,  0.00000,    0.00000, 0, -93, 4.2, 0.651, 3, 164
2019-02-11 16:32:39.934860, , rf>11, 42, 248761241, 520, 1, 4547, 11:2:19, 16:32:32.965, 0,  0.00000,    0.00000, 0, -83, 4.2, 0.480, 3, 164
2019-02-11 16:32:43.009620, , rf>12, 43, 337237383, -1, 0, 3002, 9:1:80, 21:40:23.185, 0,  0.00000,    0.00000, 0, -95, 4.2, 0.529, 3, 544
2019-02-11 16:32:43.760575, , rf>11, 43, 248766358, 284, 1, 3656, 11:2:19, 16:32:37.85, 0,  0.00000,    0.00000, 0, -82, 4.2, 0.551, 3, 570
2019-02-11 16:32:47.022863, , rf>12, 44, 337240549, 509, 2, 3858, 9:1:80, 21:40:27.664, 0,  0.00000,    0.00000, 0, -93, 4.2, 0.516, 3, 164
2019-02-11 16:32:47.682118, , rf>11, 44, 248770178, 382, 1, 3749, 11:2:19, 16:32:41.907, 0,  0.00000,    0.00000, 0, -82, 4.2, 0.464, 3, 164
2019-02-11 16:32:50.723582, , rf>12, 45, 337244571, 583, 1, 3530, 9:1:80, 21:40:31.687, 0,  0.00000,    0.00000, 0, -92, 4.2, 0.512, 3, 164
2019-02-11 16:32:51.869481, , rf>11, 45, 248774091, 376, 1, 4026, 11:2:19, 16:32:45.823, 0,  0.00000,    0.00000, 0, -81, 4.2, 0.471, 3, 164
2019-02-11 16:32:55.631194, , rf>12, 46, 337248265, 582, 1, 4749, 9:1:80, 21:40:35.401, 0,  0.00000,    0.00000, 0, -91, 4.2, 0.541, 3, 164
2019-02-11 16:32:56.133604, , rf>11, 46, 248778281, 320, 1, 4101, 11:2:19, 16:32:49.16, 0,  0.00000,    0.00000, 0, -82, 4.2, 0.471, 3, 164
2019-02-11 16:32:58.814381, , rf>12, 47, 337253178, 234, 1, 3007, 9:1:80, 21:40:40.308, 0,  0.00000,    0.00000, 0, -92, 4.2, 0.625, 3, 164
2019-02-11 16:32:59.488693, , rf>11, 47, 248782546, 370, 1, 3155, 11:2:19, 16:32:54.265, 0,  0.00000,    0.00000, 0, -82, 4.2, 0.467, 3, 164
2019-02-11 16:33:03.016836, , rf>11, 48, 248785865, 318, 1, 3387, 11:2:19, 16:32:57.850, 0,  0.00000,    0.00000, 0, -82, 4.2, 0.000, 3, 164
2019-02-11 16:33:03.861829, , rf>12, 48, 337256349, 399, 1, 4494, 9:1:80, 21:40:43.480, 0,  0.00000,    0.00000, 0, -92, 4.2, 0.541, 3, 164
2019-02-11 16:33:06.480463, , rf>11, 49, 248789416, 301, 1, 3292, 11:2:19, 16:33:0.156, 0,  0.00000,    0.00000, 0, -82, 4.2, 0.448, 3, 164
2019-02-11 16:33:07.955828, , rf>12, 49, 337261405, 265, 1, 3922, 9:1:80, 21:40:47.539, 0,  0.00000,    0.00000, 0, -93, 4.2, 0.664, 3, 562
2019-02-11 16:33:11.530621, , rf>11, 50, 248792872, 311, 1, 4880, 11:2:19, 16:33:4.598, 0,  0.00000,    0.00000, 0, -82, 4.2, 0.532, 3, 164
2019-02-11 16:33:12.313939, , rf>12, 50, 337265491, 638, 1, 3736, 9:1:80, 21:40:52.637, 0,  0.00000,    0.00000, 0, -92, 4.2, 0.490, 3, 164
2019-02-11 16:33:15.842859, , rf>11, 51, 248797916, 263, 1, 4165, 11:2:19, 16:33:9.662, 0,  0.00000,    0.00000, 0, -82, 4.2, 0.445, 3, 164
2019-02-11 16:33:16.830097, , rf>12, 51, 337269842, 478, 1, 4361, 9:1:80, 21:40:56.990, 0,  0.00000,    0.00000, 0, -93, 4.2, 0.483, 3, 615
2019-02-11 16:33:20.139214, , rf>11, 52, 248802245, 279, 1, 4130, 11:2:19, 16:33:13.986, 0,  0.00000,    0.00000, 0, -82, 4.2, 0.445, 3, 164
2019-02-11 16:33:21.110956, , rf>12, 52, 337274367, 298, 1, 4120, 9:1:80, 21:41:1.509, 0,  0.00000,    0.00000, 0, -92, 4.2, 0.525, 3, 164
2019-02-11 16:33:24.482224, , rf>11, 53, 248806539, 296, 1, 3736, 11:2:19, 16:33:18.281, 0,  0.00000,    0.00000, 0, -82, 4.2, 0.425, 3, 164
2019-02-11 16:33:25.092844, , rf>12, 53, 337278651, 353, 1, 3807, 9:1:80, 21:41:5.796, 0,  0.00000,    0.00000, 0, -92, 4.2, 0.587, 3, 164
2019-02-11 16:33:29.595625, , rf>11, 54, 248810860, 276, 1, 4938, 11:2:19, 16:33:22.607, 0,  0.00000,    0.00000, 0, -82, 4.2, 0.516, 3, 585
2019-02-11 16:33:30.173682, , rf>12, 54, 337282622, 266, 1, 4904, 9:1:80, 21:41:9.768, 0,  0.00000,    0.00000, 0, -92, 4.2, 0.590, 3, 164
2019-02-11 16:33:33.356590, , rf>11, 55, 248815962, 337, 1, 3617, 11:2:19, 16:33:27.721, 0,  0.00000,    0.00000, 0, -82, 4.2, 0.448, 3, 164
2019-02-11 16:33:33.798004, , rf>12, 55, 337287690, 327, 1, 3033, 9:1:80, 21:41:14.829, 0,  0.00000,    0.00000, 0, -90, 4.2, 0.500, 3, 164
2019-02-11 16:33:38.093078, , rf>12, 56, 337291320, 939, 1, 4138, 9:1:80, 21:41:17.837, 0,  0.00000,    0.00000, 0, -93, 4.2, 0.564, 3, 597
2019-02-11 16:33:38.516449, , rf>11, 56, 248819743, 436, 1, 4956, 11:2:19, 16:33:31.497, 0,  0.00000,    0.00000, 0, -83, 4.2, 0.422, 3, 164
2019-02-11 16:33:41.777835, , rf>11, 57, 248824863, 324, 1, 3135, 11:2:19, 16:33:36.609, 0,  0.00000,    0.00000, 0, -83, 4.2, 0.409, 3, 164
2019-02-11 16:33:42.403980, , rf>12, 57, 337295622, 499, 1, 4119, 9:1:80, 21:41:22.765, 0,  0.00000,    0.00000, 0, -93, 4.2, 0.519, 3, 164
2019-02-11 16:33:46.182581, , rf>12, 58, 337299905, 262, 1, 3619, 9:1:80, 21:41:26.69, 0,  0.00000,    0.00000, 0, -93, 4.2, 0.593, 3, 164
2019-02-11 16:33:46.498001, , rf>11, 58, 248828162, 304, 1, 4530, 11:2:19, 16:33:39.922, 0,  0.00000,    0.00000, 0, -82, 4.2, 0.442, 3, 164
2019-02-11 16:33:49.804453, , rf>11, 59, 248832856, 333, 1, 3144, 11:2:19, 16:33:44.625, 0,  0.00000,    0.00000, 0, -82, 4.2, 0.409, 3, 164
2019-02-11 16:33:51.153688, , rf>12, 59, 337303688, 281, 1, 4799, 9:1:80, 21:41:30.836, 0,  0.00000,    0.00000, 0, -92, 4.2, 0.577, 3, 164
2019-02-11 16:33:54.210338, , rf>11, 60, 248836164, 309, 1, 4236, 11:2:19, 16:33:47.937, 0,  0.00000,    0.00000, 0, -82, 4.2, 0.471, 3, 164
2019-02-11 16:33:55.213923, , rf>12, 60, 337308651, 880, 1, 3910, 9:1:80, 21:41:35.812, 0,  0.00000,    0.00000, 0, -92, 4.2, 0.570, 3, 164
2019-02-11 16:33:58.413258, , rf>12, 61, 337312725, 657, 1, 3017, 9:1:80, 21:41:39.887, 0,  0.00000,    0.00000, 0, -92, 4.2, 0.667, 3, 164
2019-02-11 16:33:58.555807, , rf>11, 61, 248840564, 304, 1, 4171, 11:2:19, 16:33:52.323, 0,  0.00000,    0.00000, 0, -82, 4.2, 0.561, 3, 164
2019-02-11 16:34:02.521729, , rf>11, 62, 248844899, 383, 1, 3345, 11:2:19, 16:33:56.677, 0,  0.00000,    0.00000, 0, -82, 4.2, 0.548, 3, 164
2019-02-11 16:34:03.526279, , rf>12, 62, 337315906, 453, 1, 4958, 9:1:80, 21:41:42.473, 0,  0.00000,    0.00000, 0, -93, 4.2, 0.000, 3, 164
2019-02-11 16:34:05.704831, , rf>11, 63, 248848858, 430, 1, 3062, 11:2:19, 16:33:59.638, 0,  0.00000,    0.00000, 0, -83, 4.2, 0.435, 3, 614
2019-02-11 16:34:06.975169, , rf>12, 63, 337321028, 315, 1, 3269, 9:1:80, 21:41:48.196, 0,  0.00000,    0.00000, 0, -93, 4.2, 0.554, 3, 164
2019-02-11 16:34:09.437297, , rf>11, 64, 248852084, 423, 1, 3548, 11:2:19, 16:34:3.857, 0,  0.00000,    0.00000, 0, -83, 4.2, 0.474, 3, 164
2019-02-11 16:34:11.207135, , rf>12, 64, 337324461, 681, 1, 4084, 9:1:80, 21:41:51.621, 0,  0.00000,    0.00000, 0, -92, 4.2, 0.561, 3, 164
2019-02-11 16:34:13.042109, , rf>11, 65, 248855796, 324, 1, 3431, 11:2:19, 16:34:7.581, 0,  0.00000,    0.00000, 0, -82, 4.2, 0.474, 3, 164
2019-02-11 16:34:15.709395, , rf>12, 65, 337328709, 774, 1, 4301, 9:1:80, 21:41:55.872, 0,  0.00000,    0.00000, 0, -91, 4.2, 0.583, 3, 164
2019-02-11 16:34:17.323136, , rf>11, 66, 248859391, 369, 1, 4111, 11:2:19, 16:34:10.168, 0,  0.00000,    0.00000, 0, -81, 4.2, 0.487, 3, 164
2019-02-11 16:34:20.267797, , rf>12, 66, 337333174, 334, 1, 4419, 9:1:80, 21:42:0.351, 0,  0.00000,    0.00000, 0, -93, 4.2, 0.719, 3, 164
2019-02-11 16:34:21.400306, , rf>11, 67, 248863666, 378, 1, 3903, 11:2:19, 16:34:15.463, 0,  0.00000,    0.00000, 0, -81, 4.2, 0.416, 3, 164
2019-02-11 16:34:25.272883, , rf>11, 68, 248867733, 255, 1, 3707, 11:2:19, 16:34:19.514, 0,  0.00000,    0.00000, 0, -81, 4.2, 0.464, 3, 164
2019-02-11 16:34:25.839293, , rf>12, 67, 337337757, 529, 1, 4970, 9:1:80, 21:42:4.937, 0,  0.00000,    0.00000, 0, -92, 4.2, 0.458, 3, 164
2019-02-11 16:34:29.962093, , rf>12, 68, 337343314, 463, 1, 3940, 9:1:80, 21:42:9.487, 0,  0.00000,    0.00000, 0, -90, 4.2, 0.519, 3, 587
2019-02-11 16:34:30.227688, , rf>11, 69, 248871604, 288, 1, 4793, 11:2:19, 16:34:23.607, 0,  0.00000,    0.00000, 0, -81, 4.2, 0.000, 3, 164
2019-02-11 16:34:34.837548, , rf>11, 70, 248876561, 318, 1, 4468, 11:2:19, 16:34:28.356, 0,  0.00000,    0.00000, 0, -80, 4.2, 0.454, 3, 164
2019-02-11 16:34:35.100415, , rf>12, 69, 337347418, 450, 1, 4993, 9:1:80, 21:42:14.604, 0,  0.00000,    0.00000, 0, -90, 4.2, 0.651, 3, 164
2019-02-11 16:34:39.905128, , rf>12, 70, 337352575, 380, 1, 4154, 9:1:80, 21:42:19.755, 0,  0.00000,    0.00000, 0, -93, 4.2, 0.551, 3, 164
2019-02-11 16:34:40.045727, , rf>11, 71, 248881193, 293, 1, 4823, 11:2:19, 16:34:32.989, 0,  0.00000,    0.00000, 0, -83, 4.2, 0.425, 3, 164
2019-02-11 16:34:43.085955, , rf>11, 72, 248886180, 279, 1, 3089, 11:2:19, 16:34:37.979, 0,  0.00000,    0.00000, 0, -82, 4.2, 0.458, 3, 164
2019-02-11 16:34:44.010373, , rf>12, 71, 337356893, 524, 1, 4426, 9:1:80, 21:42:23.94, 0,  0.00000,    0.00000, 0, -92, 4.2, 0.541, 3, 164
2019-02-11 16:34:46.362736, , rf>11, 73, 248889433, 337, 1, 3091, 11:2:19, 16:34:41.241, 0,  0.00000,    0.00000, 0, -82, 4.2, 0.412, 3, 164
2019-02-11 16:34:49.106244, , rf>12, 72, 337361483, 1410, 1, 4941, 9:1:80, 21:42:28.678, 0,  0.00000,    0.00000, 0, -92, 4.2, 0.603, 3, 164
2019-02-11 16:34:50.437354, , rf>11, 74, 248892688, 349, 1, 3932, 11:2:19, 16:34:44.491, 0,  0.00000,    0.00000, 0, -82, 4.2, 0.412, 3, 164
2019-02-11 16:34:52.336787, , rf>12, 73, 337366588, 470, 1, 3062, 9:1:80, 21:42:33.794, 0,  0.00000,    0.00000, 0, -92, 4.2, 0.574, 3, 164
2019-02-11 16:34:54.177327, , rf>11, 75, 248896784, 375, 1, 3557, 11:2:19, 16:34:48.589, 0,  0.00000,    0.00000, 0, -83, 4.2, 0.419, 3, 164
2019-02-11 16:34:56.319891, , rf>12, 74, 337369814, 638, 1, 3831, 9:1:80, 21:42:36.15, 0,  0.00000,    0.00000, 0, -91, 4.2, 0.725, 3, 164
2019-02-11 16:34:57.529118, , rf>11, 76, 248900505, 278, 1, 3193, 11:2:19, 16:34:52.312, 0,  0.00000,    0.00000, 0, -82, 4.2, 0.525, 3, 164
2019-02-11 16:35:00.301870, , rf>12, 75, 337373809, 470, 1, 3768, 9:1:80, 21:42:40.10, 0,  0.00000,    0.00000, 0, -93, 4.2, 0.641, 3, 164
2019-02-11 16:35:01.305283, , rf>11, 77, 248903862, 354, 1, 3612, 11:2:19, 16:34:55.671, 0,  0.00000,    0.00000, 0, -82, 4.2, 0.448, 3, 164
2019-02-11 16:35:05.315576, , rf>12, 76, 337377741, 358, 1, 4866, 9:1:80, 21:42:44.946, 0,  0.00000,    0.00000, 0, -92, 4.2, 0.541, 3, 164
2019-02-11 16:35:06.386054, , rf>11, 78, 248907638, 389, 1, 4906, 11:2:19, 16:34:59.454, 0,  0.00000,    0.00000, 0, -82, 4.2, 0.403, 3, 164
2019-02-11 16:35:08.627537, , rf>12, 77, 337382771, 575, 1, 3142, 9:1:80, 21:42:49.977, 0,  0.00000,    0.00000, 0, -91, 4.2, 0.503, 3, 164
2019-02-11 16:35:10.652296, , rf>11, 79, 248912708, 292, 1, 4097, 11:2:19, 16:35:4.521, 0,  0.00000,    0.00000, 0, -82, 4.2, 0.545, 3, 164
2019-02-11 16:35:12.250297, , rf>12, 78, 337386077, 416, 2, 3468, 9:1:80, 21:42:53.285, 0,  0.00000,    0.00000, 0, -91, 4.2, 0.454, 3, 164
2019-02-11 16:35:14.178196, , rf>11, 80, 248916969, 366, 1, 3373, 11:2:19, 16:35:8.783, 0,  0.00000,    0.00000, 0, -82, 4.2, 0.509, 3, 164
2019-02-11 16:35:17.001057, , rf>12, 79, 337389709, 454, 1, 4583, 9:1:80, 21:42:56.928, 0,  0.00000,    0.00000, 0, -91, 4.2, 0.451, 3, 164
2019-02-11 16:35:18.043338, , rf>11, 81, 248920506, 366, 1, 3687, 11:2:19, 16:35:12.322, 0,  0.00000,    0.00000, 0, -82, 4.2, 0.419, 3, 164
2019-02-11 16:35:21.485387, , rf>12, 80, 337394456, 579, 1, 4329, 9:1:80, 21:43:1.668, 0,  0.00000,    0.00000, 0, -91, 4.2, 0.519, 3, 164
2019-02-11 16:35:22.754593, , rf>11, 82, 248924357, 347, 1, 4556, 11:2:19, 16:35:15.165, 0,  0.00000,    0.00000, 0, -83, 4.2, 0.683, 3, 164
2019-02-11 16:35:26.515262, , rf>12, 81, 337398949, 255, 1, 4848, 9:1:80, 21:43:5.163, 0,  0.00000,    0.00000, 0, -91, 4.2, 0.599, 3, 164
2019-02-11 16:35:27.398832, , rf>11, 83, 248929077, 311, 1, 4464, 11:2:19, 16:35:20.898, 0,  0.00000,    0.00000, 0, -82, 4.2, 0.799, 3, 164
2019-02-11 16:35:30.391442, , rf>12, 82, 337403961, 829, 1, 3726, 9:1:80, 21:43:10.186, 0,  0.00000,    0.00000, 0, -91, 4.2, 0.522, 3, 164
2019-02-11 16:35:31.412016, , rf>11, 84, 248933705, 313, 1, 3870, 11:2:19, 16:35:25.521, 0,  0.00000,    0.00000, 0, -82, 4.2, 0.645, 3, 164
2019-02-11 16:35:35.346969, , rf>11, 85, 248937739, 363, 1, 3754, 11:2:19, 16:35:29.556, 0,  0.00000,    0.00000, 0, -81, 4.2, 0.442, 3, 164
2019-02-11 16:35:35.691707, , rf>12, 83, 337407851, 1337, 1, 4828, 9:1:80, 21:43:14.60, 0,  0.00000,    0.00000, 0, -91, 4.2, 0.493, 3, 164
2019-02-11 16:35:39.155570, , rf>12, 84, 337413152, 340, 1, 3273, 9:1:80, 21:43:19.381, 0,  0.00000,    0.00000, 0, -91, 4.2, 0.522, 3, 473
2019-02-11 16:35:39.848213, , rf>11, 86, 248941657, 383, 1, 4333, 11:2:19, 16:35:33.483, 0,  0.00000,    0.00000, 0, -81, 4.2, 0.422, 3, 164
2019-02-11 16:35:42.747284, , rf>12, 85, 337416589, 291, 1, 3430, 9:1:80, 21:43:23.820, 0,  0.00000,    0.00000, 0, -91, 4.2, 0.503, 3, 164
2019-02-11 16:35:43.515924, , rf>11, 87, 248946154, 391, 1, 3500, 11:2:19, 16:35:37.972, 0,  0.00000,    0.00000, 0, -82, 4.2, 0.432, 3, 164
2019-02-11 16:35:48.407697, , rf>12, 86, 337420183, 907, 1, 4311, 9:1:80, 21:43:27.416, 0,  0.00000,    0.00000, 0, -93, 4.2, 0.503, 3, 164
2019-02-11 16:35:48.626396, , rf>11, 88, 248949818, 301, 1, 3589, 11:2:19, 16:35:41.641, 0,  0.00000,    0.00000, 0, -84, 4.2, 0.480, 3, 164
2019-02-11 16:35:52.688503, , rf>12, 87, 337425838, 369, 1, 4132, 9:1:80, 21:43:31.73, 0,  0.00000,    0.00000, 0, -91, 4.2, 0.570, 3, 1344
2019-02-11 16:35:53.300119, , rf>11, 89, 248954933, 312, 1, 4494, 11:2:19, 16:35:45.757, 0,  0.00000,    0.00000, 0, -83, 4.2, 0.451, 3, 1526
2019-02-11 16:35:56.027998, , rf>12, 88, 337430134, 331, 1, 3165, 9:1:80, 21:43:37.374, 0,  0.00000,    0.00000, 0, -93, 4.2, 0.490, 3, 164
2019-02-11 16:35:57.046443, , rf>11, 90, 248959591, 415, 1, 3586, 11:2:19, 16:35:51.429, 0,  0.00000,    0.00000, 0, -82, 4.2, 0.445, 3, 164
2019-02-11 16:36:01.015148, , rf>11, 91, 248963341, 361, 1, 3808, 11:2:19, 16:35:54.180, 0,  0.00000,    0.00000, 0, -82, 4.2, 0.429, 3, 164
2019-02-11 16:36:06.031505, , rf>11, 92, 248967313, 363, 1, 4857, 11:2:19, 16:35:58.162, 0,  0.00000,    0.00000, 0, -83, 4.2, 0.422, 3, 164
2019-02-11 16:36:07.709789, , rf>12, 90, 337440008, 684, 1, 4969, 9:1:80, 21:43:45.234, 0,  0.00000,    0.00000, 0, -91, 4.2, 0.773, 3, 1618
2019-02-11 16:36:09.246140, , rf>11, 93, 248972334, 310, 1, 3029, 11:2:19, 16:36:3.169, 0,  0.00000,    0.00000, 0, -83, 4.2, 0.435, 3, 164
2019-02-11 16:36:10.955124, , rf>12, 91, 337445141, -1, 0, 3084, 9:1:80, 21:43:52.382, 0,  0.00000,    0.00000, 0, -91, 4.2, 0.577, 3, 164
2019-02-11 16:36:12.649665, , rf>11, 94, 248975527, 299, 1, 3255, 11:2:19, 16:36:7.353, 0,  0.00000,    0.00000, 0, -83, 4.2, 0.500, 3, 164
2019-02-11 16:36:14.296724, , rf>12, 92, 337448389, 359, 1, 3157, 9:1:80, 21:43:55.623, 0,  0.00000,    0.00000, 0, -91, 4.2, 0.529, 3, 164
2019-02-11 16:36:16.176617, , rf>11, 95, 248978946, 280, 1, 3333, 11:2:19, 16:36:10.775, 0,  0.00000,    0.00000, 0, -83, 4.2, 0.445, 3, 164
2019-02-11 16:36:18.904446, , rf>12, 93, 337451710, -1, 0, 4447, 9:1:80, 21:43:58.955, 0,  0.00000,    0.00000, 0, -91, 4.2, 0.532, 3, 164
2019-02-11 16:36:20.271181, , rf>11, 96, 248982443, 336, 1, 3937, 11:2:19, 16:36:14.284, 0,  0.00000,    0.00000, 0, -82, 4.2, 0.474, 3, 164
2019-02-11 16:36:23.608129, , rf>12, 94, 337456321, 402, 1, 4558, 9:1:80, 21:44:3.559, 0,  0.00000,    0.00000, 0, -92, 4.2, 0.496, 3, 164
2019-02-11 16:36:24.550627, , rf>11, 97, 248986544, 250, 1, 4138, 11:2:19, 16:36:18.393, 0,  0.00000,    0.00000, 0, -83, 4.2, 0.429, 3, 164
2019-02-11 16:36:28.751515, , rf>12, 95, 337461043, -1, 0, 4959, 9:1:80, 21:44:8.293, 0,  0.00000,    0.00000, 0, -96, 4.2, 0.596, 3, 164
2019-02-11 16:36:29.223494, , rf>11, 98, 248990846, 244, 1, 4496, 11:2:19, 16:36:22.680, 0,  0.00000,    0.00000, 0, -83, 4.2, 0.570, 3, 164
2019-02-11 16:36:33.032658, , rf>12, 96, 337466166, 683, 1, 4127, 9:1:80, 21:44:13.409, 0,  0.00000,    0.00000, 0, -96, 4.2, 0.506, 3, 164
2019-02-11 16:36:33.829573, , rf>11, 99, 248995506, 288, 1, 4432, 11:2:19, 16:36:27.359, 0,  0.00000,    0.00000, 0, -84, 4.2, 0.448, 3, 164
2019-02-11 16:36:36.341381, , rf>12, 97, 337470457, 633, 1, 3126, 9:1:80, 21:44:17.701, 0,  0.00000,    0.00000, 0, -89, 4.2, 0.519, 3, 164
2019-02-11 16:36:37.297027, , rf>11, 100, 249000102, 230, 1, 3296, 11:2:19, 16:36:31.957, 0,  0.00000,    0.00000, 0, -83, 4.2, 0.425, 3, 164
2019-02-11 16:36:39.915530, , rf>12, 98, 337473747, 327, 1, 3414, 9:1:80, 21:44:20.3, 0,  0.00000,    0.00000, 0, -91, 4.2, 0.451, 3, 164
2019-02-11 16:36:42.125947, , rf>11, 101, 249003562, 382, 1, 4678, 11:2:19, 16:36:35.421, 0,  0.00000,    0.00000, 0, -82, 4.2, 0.451, 3, 164
2019-02-11 16:36:43.632565, , rf>12, 99, 337477325, 411, 1, 3559, 9:1:80, 21:44:24.583, 0,  0.00000,    0.00000, 0, -91, 4.2, 0.483, 3, 164
2019-02-11 16:36:47.176553, , rf>11, 102, 249008404, 369, 1, 4874, 11:2:19, 16:36:40.266, 0,  0.00000,    0.00000, 0, -81, 4.2, 0.590, 3, 164
2019-02-11 16:36:48.492964, , rf>12, 100, 337481048, 290, 1, 3519, 9:1:80, 21:44:28.308, 0,  0.00000,    0.00000, 0, -90, 4.2, 0.587, 3, 164
2019-02-11 16:36:50.547825, , rf>11, 103, 249013442, 442, 1, 3205, 11:2:19, 16:36:45.535, 0,  0.00000,    0.00000, 0, -82, 4.2, 0.471, 3, 164
2019-02-11 16:36:52.694399, , rf>12, 101, 337485907, 274, 1, 4032, 9:1:80, 21:44:31.158, 0,  0.00000,    0.00000, 0, -91, 4.2, 0.490, 3, 1340
2019-02-11 16:36:53.979166, , rf>11, 104, 249016811, 427, 1, 3269, 11:2:19, 16:36:48.678, 0,  0.00000,    0.00000, 0, -81, 4.2, 0.519, 3, 164
2019-02-11 16:36:56.177145, , rf>12, 102, 337490103, 176, 2, 3303, 9:1:80, 21:44:37.359, 0,  0.00000,    0.00000, 0, -91, 4.2, 0.541, 3, 164
2019-02-11 16:36:58.231999, , rf>11, 105, 249020244, 483, 1, 4084, 11:2:19, 16:36:51.115, 0,  0.00000,    0.00000, 0, -82, 4.2, 0.448, 3, 164
2019-02-11 16:37:01.210206, , rf>12, 103, 337493570, 224, 1, 4884, 9:1:80, 21:44:40.839, 0,  0.00000,    0.00000, 0, -93, 4.2, 0.506, 3, 164
2019-02-11 16:37:02.684123, , rf>11, 106, 249024492, 414, 1, 4301, 11:2:19, 16:36:56.367, 0,  0.00000,    0.00000, 0, -81, 4.2, 0.406, 3, 164
2019-02-11 16:37:04.832503, , rf>12, 104, 337498618, 133, 1, 3439, 9:1:80, 21:44:45.879, 0,  0.00000,    0.00000, 0, -93, 4.2, 0.519, 3, 164
2019-02-11 16:37:07.294339, , rf>11, 107, 249028957, 447, 1, 4419, 11:2:19, 16:37:0.834, 0,  0.00000,    0.00000, 0, -82, 4.2, 0.519, 3, 164
2019-02-11 16:37:08.689051, , rf>12, 105, 337502221, 427, 1, 3686, 9:1:80, 21:44:49.483, 0,  0.00000,    0.00000, 0, -93, 4.2, 0.554, 3, 164
2019-02-11 16:37:12.404546, , rf>11, 108, 249033540, 542, 1, 4970, 11:2:19, 16:37:5.421, 0,  0.00000,    0.00000, 0, -82, 4.2, 0.654, 3, 164
2019-02-11 16:37:13.081352, , rf>12, 106, 337506071, 241, 1, 4242, 9:1:80, 21:44:53.335, 0,  0.00000,    0.00000, 0, -93, 4.2, 0.645, 3, 164
2019-02-11 16:37:17.313752, , rf>12, 107, 337510477, 300, 1, 4064, 9:1:80, 21:44:57.743, 0,  0.00000,    0.00000, 0, -93, 4.2, 0.490, 3, 164
2019-02-11 16:37:17.516856, , rf>11, 109, 249038674, 777, 1, 4945, 11:2:19, 16:37:10.548, 0,  0.00000,    0.00000, 0, -82, 4.2, 0.651, 3, 164
2019-02-11 16:37:21.610146, , rf>11, 110, 249043783, 333, 1, 3915, 11:2:19, 16:37:15.670, 0,  0.00000,    0.00000, 0, -81, 4.2, 0.519, 3, 164
2019-02-11 16:37:22.377132, , rf>12, 108, 337514705, 774, 1, 4903, 9:1:80, 21:45:1.990, 0,  0.00000,    0.00000, 0, -95, 4.2, 0.541, 3, 164
2019-02-11 16:37:26.093161, , rf>11, 111, 249047862, 338, 1, 4301, 11:2:19, 16:37:19.750, 0,  0.00000,    0.00000, 0, -82, 4.2, 0.561, 3, 164
2019-02-11 16:37:26.313808, , rf>12, 109, 337519772, 1961, 1, 3754, 9:1:80, 21:45:6.51, 0,  0.00000,    0.00000, 0, -97, 4.2, 0.590, 3, 164
2019-02-11 16:37:30.527855, , rf>11, 112, 249052327, 854, 1, 4274, 11:2:19, 16:37:24.218, 0,  0.00000,    0.00000, 0, -82, 4.2, 0.461, 3, 164
2019-02-11 16:37:31.268401, , rf>12, 110, 337523690, -1, 0, 4497, 9:1:80, 21:45:10.972, 0,  0.00000,    0.00000, 0, -96, 4.2, 0.558, 3, 164
2019-02-11 16:37:35.109749, , rf>12, 111, 337528659, 759, 1, 3668, 9:1:80, 21:45:15.287, 0,  0.00000,    0.00000, 0, -96, 4.2, 0.599, 3, 472
2019-02-11 16:37:35.469909, , rf>11, 113, 249056765, 362, 1, 4781, 11:2:19, 16:37:28.648, 0,  0.00000,    0.00000, 0, -82, 4.2, 0.435, 3, 164
2019-02-11 16:37:38.683881, , rf>11, 114, 249061710, 628, 1, 3062, 11:2:19, 16:37:33.605, 0,  0.00000,    0.00000, 0, -82, 4.2, 0.403, 3, 164
2019-02-11 16:37:39.249294, , rf>12, 112, 337532491, -1, 0, 3592, 9:1:80, 21:45:19.771, 0,  0.00000,    0.00000, 0, -92, 4.2, 0.541, 3, 164
2019-02-11 16:37:42.683616, , rf>11, 115, 249064936, 356, 1, 3831, 11:2:19, 16:37:36.823, 0,  0.00000,    0.00000, 0, -82, 4.2, 0.480, 3, 164
2019-02-11 16:37:44.346846, , rf>12, 113, 337536610, 428, 1, 4936, 9:1:80, 21:45:23.892, 0,  0.00000,    0.00000, 0, -97, 4.2, 0.612, 3, 527
2019-02-11 16:37:46.634150, , rf>11, 116, 249068931, 330, 1, 3768, 11:2:19, 16:37:40.820, 0,  0.00000,    0.00000, 0, -82, 4.2, 0.525, 3, 164
2019-02-11 16:37:48.108671, , rf>12, 114, 337541710, 361, 1, 3599, 9:1:80, 21:45:28.8, 0,  0.00000,    0.00000, 0, -95, 4.2, 0.522, 3, 164
2019-02-11 16:37:51.650539, , rf>11, 117, 249072863, 380, 1, 4866, 11:2:19, 16:37:44.764, 0,  0.00000,    0.00000, 0, -82, 4.2, 0.377, 3, 164
2019-02-11 16:37:53.203405, , rf>12, 115, 337545473, 241, 1, 4906, 9:1:80, 21:45:32.775, 0,  0.00000,    0.00000, 0, -92, 4.2, 0.570, 3, 164
2019-02-11 16:37:54.960937, , rf>11, 118, 249077893, 313, 1, 3142, 11:2:19, 16:37:49.795, 0,  0.00000,    0.00000, 0, -82, 4.2, 0.812, 3, 164
2019-02-11 16:37:57.077385, , rf>12, 116, 337550543, 397, 4, 3739, 9:1:80, 21:45:37.837, 0,  0.00000,    0.00000, 0, -92, 4.2, 0.754, 3, 164
2019-02-11 16:37:58.626367, , rf>11, 119, 249081199, 303, 1, 3468, 11:2:19, 16:37:52.93, 0,  0.00000,    0.00000, 0, -83, 4.2, 0.670, 3, 164
2019-02-11 16:38:02.093815, , rf>12, 117, 337554446, 339, 1, 4836, 9:1:80, 21:45:41.762, 0,  0.00000,    0.00000, 0, -92, 4.2, 0.712, 3, 164
2019-02-11 16:38:03.347480, , rf>11, 120, 249084831, 252, 1, 4583, 11:2:19, 16:37:56.738, 0,  0.00000,    0.00000, 0, -82, 4.2, 0.815, 3, 164
2019-02-11 16:38:05.402079, , rf>12, 118, 337559446, 331, 1, 3146, 9:1:80, 21:45:46.757, 0,  0.00000,    0.00000, 0, -92, 4.2, 0.928, 3, 164
2019-02-11 16:38:07.833909, , rf>11, 121, 249089578, 465, 1, 4329, 11:2:19, 16:38:1.477, 0,  0.00000,    0.00000, 0, -83, 4.2, 0.715, 3, 164
2019-02-11 16:38:08.775064, , rf>12, 119, 337562756, 562, 1, 3221, 9:1:80, 21:45:49.60, 0,  0.00000,    0.00000, 0, -93, 4.2, 0.854, 3, 164
2019-02-11 16:38:12.850291, , rf>11, 122, 249094071, 258, 1, 4848, 11:2:19, 16:38:5.982, 0,  0.00000,    0.00000, 0, -82, 4.2, 0.738, 3, 164
2019-02-11 16:38:13.666246, , rf>12, 120, 337566141, 2497, 1, 4699, 9:1:80, 21:45:53.446, 0,  0.00000,    0.00000, 0, -92, 4.2, 0.603, 3, 164
2019-02-11 16:38:16.755465, , rf>11, 123, 249099083, 418, 1, 3726, 11:2:19, 16:38:10.996, 0,  0.00000,    0.00000, 0, -82, 4.2, 0.445, 3, 164
2019-02-11 16:38:18.071226, , rf>12, 121, 337571004, 457, 1, 4252, 9:1:80, 21:45:58.321, 0,  0.00000,    0.00000, 0, -93, 4.2, 0.364, 3, 164
2019-02-11 16:38:21.710305, , rf>11, 124, 249102973, 363, 1, 4788, 11:2:19, 16:38:14.887, 0,  0.00000,    0.00000, 0, -82, 4.2, 0.432, 3, 164
2019-02-11 16:38:23.074746, , rf>12, 122, 337575420, 867, 1, 4838, 9:1:80, 21:46:2.739, 0,  0.00000,    0.00000, 0, -92, 4.2, 0.622, 3, 164
2019-02-11 16:38:25.519905, , rf>11, 125, 249107925, 432, 1, 3651, 11:2:19, 16:38:19.842, 0,  0.00000,    0.00000, 0, -82, 4.2, 0.425, 3, 164
2019-02-11 16:38:28.184721, , rf>12, 123, 337580422, -1, 0, 4949, 9:1:80, 21:46:7.733, 0,  0.00000,    0.00000, 0, -92, 4.2, 0.500, 3, 164
2019-02-11 16:38:29.690876, , rf>11, 126, 249111740, 495, 1, 4013, 11:2:19, 16:38:23.660, 0,  0.00000,    0.00000, 0, -82, 4.2, 0.487, 3, 164
2019-02-11 16:38:32.433994, , rf>12, 124, 337585535, 20, 1, 4095, 9:1:80, 21:46:12.859, 0,  0.00000,    0.00000, 0, -92, 4.2, 0.000, 3, 164
2019-02-11 16:38:33.094253, , rf>11, 127, 249115917, 359, 1, 3230, 11:2:19, 16:38:27.831, 0,  0.00000,    0.00000, 0, -82, 4.2, 0.471, 3, 164
2019-02-11 16:38:36.323302, , rf>12, 125, 337589794, 418, 1, 3715, 9:1:80, 21:46:16.119, 0,  0.00000,    0.00000, 0, -92, 4.2, 0.706, 3, 164
2019-02-11 16:38:37.231637, , rf>11, 128, 249119311, 316, 1, 3961, 11:2:19, 16:38:31.233, 0,  0.00000,    0.00000, 0, -82, 4.2, 0.409, 3, 164
2019-02-11 16:38:39.819496, , rf>12, 126, 337593673, 455, 1, 3308, 9:1:80, 21:46:20.1, 0,  0.00000,    0.00000, 0, -92, 4.2, 0.535, 3, 164
2019-02-11 16:38:41.389352, , rf>11, 129, 249123436, 436, 1, 3997, 11:2:19, 16:38:35.353, 0,  0.00000,    0.00000, 0, -82, 4.2, 0.425, 3, 164
2019-02-11 16:38:43.913738, , rf>12, 127, 337597145, 703, 1, 3934, 9:1:80, 21:46:24.475, 0,  0.00000,    0.00000, 0, -92, 4.2, 0.574, 3, 164
2019-02-11 16:38:45.559153, , rf>11, 130, 249127597, 337, 1, 3995, 11:2:19, 16:38:39.517, 0,  0.00000,    0.00000, 0, -83, 4.2, 0.406, 3, 164
2019-02-11 16:38:48.617184, , rf>12, 128, 337601243, 426, 1, 4537, 9:1:80, 21:46:28.575, 0,  0.00000,    0.00000, 0, -92, 4.2, 0.474, 3, 164
2019-02-11 16:38:50.608506, , rf>11, 131, 249131756, 394, 1, 4892, 11:2:19, 16:38:43.686, 0,  0.00000,    0.00000, 0, -82, 4.2, 0.458, 3, 164
2019-02-11 16:38:53.741602, , rf>12, 129, 337605944, 405, 1, 4960, 9:1:80, 21:46:33.286, 0,  0.00000,    0.00000, 0, -93, 4.2, 0.529, 3, 164
2019-02-11 16:38:54.197927, , rf>11, 132, 249136812, 313, 1, 3418, 11:2:19, 16:38:48.726, 0,  0.00000,    0.00000, 0, -82, 4.2, 0.577, 3, 164
2019-02-11 16:38:58.715031, , rf>12, 130, 337611068, 426, 1, 4822, 9:1:80, 21:46:38.405, 0,  0.00000,    0.00000, 0, -92, 4.2, 0.703, 3, 164
2019-02-11 16:38:59.310397, , rf>11, 133, 249140394, 319, 1, 4969, 11:2:19, 16:38:52.317, 0,  0.00000,    0.00000, 0, -82, 4.2, 0.554, 3, 164
2019-02-11 16:39:02.586777, , rf>11, 134, 249145527, 381, 1, 3084, 11:2:19, 16:38:57.456, 0,  0.00000,    0.00000, 0, -83, 4.2, 0.432, 3, 164
2019-02-11 16:39:03.289974, , rf>12, 131, 337616054, 389, 1, 4394, 9:1:80, 21:46:43.401, 0,  0.00000,    0.00000, 0, -93, 4.2, 0.435, 3, 164
2019-02-11 16:39:07.259573, , rf>12, 132, 337620612, 282, 1, 3824, 9:1:80, 21:46:47.942, 0,  0.00000,    0.00000, 0, -92, 4.2, 0.506, 3, 164
2019-02-11 16:39:07.522642, , rf>11, 135, 249148775, 396, 1, 4763, 11:2:19, 16:39:0.693, 0,  0.00000,    0.00000, 0, -82, 4.2, 0.429, 3, 164
2019-02-11 16:39:11.525718, , rf>12, 133, 337624600, 285, 1, 4081, 9:1:80, 21:46:51.951, 0,  0.00000,    0.00000, 0, -91, 4.2, 0.674, 3, 164
2019-02-11 16:39:11.823353, , rf>11, 136, 249153702, 419, 1, 4145, 11:2:19, 16:39:5.630, 0,  0.00000,    0.00000, 0, -82, 4.2, 0.493, 3, 164
2019-02-11 16:39:15.022611, , rf>11, 137, 249158011, 414, 1, 3052, 11:2:19, 16:39:9.941, 0,  0.00000,    0.00000, 0, -83, 4.2, 0.548, 3, 164
2019-02-11 16:39:16.415781, , rf>12, 134, 337628845, 546, 1, 4737, 9:1:80, 21:46:56.190, 0,  0.00000,    0.00000, 0, -95, 4.2, 0.703, 3, 164
2019-02-11 16:39:20.069948, , rf>11, 138, 249161227, 354, 1, 4859, 11:2:19, 16:39:12.170, 0,  0.00000,    0.00000, 0, -82, 4.2, 0.500, 3, 164
2019-02-11 16:39:20.793455, , rf>12, 135, 337633746, 324, 1, 4200, 9:1:80, 21:47:0.101, 0,  0.00000,    0.00000, 0, -92, 4.2, 0.541, 3, 164
2019-02-11 16:39:24.586851, , rf>12, 136, 337638110, 253, 1, 3631, 9:1:80, 21:47:5.460, 0,  0.00000,    0.00000, 0, -93, 4.2, 0.525, 3, 164
2019-02-11 16:39:25.182670, , rf>11, 139, 249166250, 374, 1, 4956, 11:2:19, 16:39:18.195, 0,  0.00000,    0.00000, 0, -82, 4.2, 0.448, 3, 164
2019-02-11 16:39:29.525543, , rf>12, 137, 337641905, 447, 1, 4767, 9:1:80, 21:47:9.256, 0,  0.00000,    0.00000, 0, -93, 4.2, 0.487, 3, 164
2019-02-11 16:39:29.885716, , rf>11, 140, 249171370, 278, 1, 4555, 11:2:19, 16:39:23.308, 0,  0.00000,    0.00000, 0, -82, 4.2, 0.496, 3, 164
2019-02-11 16:39:33.382104, , rf>11, 141, 249176089, 375, 1, 3306, 11:2:19, 16:39:27.38, 0,  0.00000,    0.00000, 0, -82, 4.2, 0.635, 3, 164
2019-02-11 16:39:34.213767, , rf>12, 138, 337646836, 481, 1, 3829, 9:1:80, 21:47:14.196, 0,  0.00000,    0.00000, 0, -93, 4.2, 0.628, 3, 164
2019-02-11 16:39:37.005576, , rf>11, 142, 249179559, -1, 0, 3473, 11:2:19, 16:39:31.151, 0,  0.00000,    0.00000, 0, -82, 4.2, 0.461, 3, 164
2019-02-11 16:39:37.930154, , rf>12, 139, 337651505, 310, 1, 3563, 9:1:80, 21:47:18.868, 0,  0.00000,    0.00000, 0, -92, 4.2, 0.596, 3, 840
2019-02-11 16:39:40.471331, , rf>11, 143, 249183196, 637, 1, 3266, 11:2:19, 16:39:34.147, 0,  0.00000,    0.00000, 0, -83, 4.2, 0.567, 3, 164
2019-02-11 16:39:41.475653, , rf>12, 140, 337655232, 975, 1, 3386, 9:1:80, 21:47:22.599, 0,  0.00000,    0.00000, 0, -93, 4.2, 0.506, 3, 164
2019-02-11 16:39:45.299670, , rf>11, 144, 249186626, 690, 1, 4680, 11:2:19, 16:39:38.587, 0,  0.00000,    0.00000, 0, -83, 4.2, 0.548, 3, 164
2019-02-11 16:39:46.226205, , rf>12, 141, 337658782, 436, 2, 4576, 9:1:80, 21:47:25.142, 0,  0.00000,    0.00000, 0, -92, 4.2, 0.454, 3, 164
2019-02-11 16:39:49.406279, , rf>11, 145, 249191470, 311, 1, 3953, 11:2:19, 16:39:43.426, 0,  0.00000,    0.00000, 0, -82, 4.2, 0.422, 3, 164
2019-02-11 16:39:50.568610, , rf>12, 142, 337663522, 1384, 1, 3329, 9:1:80, 21:47:30.893, 0,  0.00000,    0.00000, 0, -92, 4.2, 0.609, 3, 164
2019-02-11 16:39:52.686002, , rf>11, 146, 249195587, 237, 1, 3097, 11:2:19, 16:39:47.536, 0,  0.00000,    0.00000, 0, -83, 4.2, 0.493, 3, 164
2019-02-11 16:39:54.770516, , rf>12, 143, 337667883, 541, 1, 4029, 9:1:80, 21:47:34.238, 0,  0.00000,    0.00000, 0, -92, 4.2, 0.680, 3, 1032
2019-02-11 16:39:57.474427, , rf>11, 147, 249198848, 393, 1, 3869, 11:2:19, 16:39:50.809, 0,  0.00000,    0.00000, 0, -82, 4.2, 0.409, 3, 164
2019-02-11 16:39:58.296054, , rf>12, 144, 337672076, -1, 0, 3367, 9:1:80, 21:47:39.445, 0,  0.00000,    0.00000, 0, -92, 4.2, 0.570, 3, 164
2019-02-11 16:40:00.132857, , rf>11, 148, 249202881, 271, 1, 3247, 11:2:19, 16:39:54.835, 0,  0.00000,    0.00000, 0, -83, 4.2, 0.406, 3, 164
2019-02-11 16:40:01.747063, , rf>12, 145, 337675607, 608, 1, 3277, 9:1:80, 21:47:42.968, 0,  0.00000,    0.00000, 0, -91, 4.2, 0.596, 3, 164
2019-02-11 16:40:03.755227, , rf>11, 149, 249206292, 349, 1, 3482, 11:2:19, 16:39:58.258, 0,  0.00000,    0.00000, 0, -83, 4.2, 0.435, 3, 164
2019-02-11 16:40:05.213183, , rf>12, 146, 337679048, 488, 1, 3292, 9:1:80, 21:47:46.411, 0,  0.00000,    0.00000, 0, -91, 4.2, 0.661, 3, 164
2019-02-11 16:40:08.302122, , rf>11, 150, 249209938, 352, 1, 4358, 11:2:19, 16:40:1.907, 0,  0.00000,    0.00000, 0, -82, 4.2, 0.454, 3, 164
2019-02-11 16:40:10.106661, , rf>12, 147, 337682504, 320, 1, 4726, 9:1:80, 21:47:49.868, 0,  0.00000,    0.00000, 0, -91, 4.2, 0.786, 3, 164
2019-02-11 16:40:12.019249, , rf>11, 151, 249214460, 318, 1, 3573, 11:2:19, 16:40:6.431, 0,  0.00000,    0.00000, 0, -82, 4.2, 0.458, 3, 164
2019-02-11 16:40:14.573815, , rf>12, 148, 337687394, 425, 1, 4307, 9:1:80, 21:47:54.771, 0,  0.00000,    0.00000, 0, -92, 4.2, 0.522, 3, 164
2019-02-11 16:40:16.953223, , rf>11, 152, 249218197, 342, 1, 4741, 11:2:19, 16:40:9.172, 0,  0.00000,    0.00000, 0, -83, 4.2, 0.438, 3, 164
2019-02-11 16:40:18.210972, , rf>12, 149, 337691865, 385, 1, 3486, 9:1:80, 21:47:59.252, 0,  0.00000,    0.00000, 0, -93, 4.2, 0.496, 3, 164
2019-02-11 16:40:21.204151, , rf>11, 153, 249223102, 322, 1, 4092, 11:2:19, 16:40:14.80, 0,  0.00000,    0.00000, 0, -82, 4.2, 0.419, 3, 164
2019-02-11 16:40:21.865785, , rf>12, 150, 337695515, 463, 1, 3470, 9:1:80, 21:48:2.896, 0,  0.00000,    0.00000, 0, -93, 4.2, 0.477, 3, 164
2019-02-11 16:40:25.205103, , rf>12, 151, 337699149, 478, 1, 3180, 9:1:80, 21:48:6.523, 0,  0.00000,    0.00000, 0, -93, 4.2, 0.480, 3, 164
2019-02-11 16:40:26.161397, , rf>11, 154, 249227358, 405, 1, 4782, 11:2:19, 16:40:19.328, 0,  0.00000,    0.00000, 0, -82, 4.2, 0.483, 3, 164
2019-02-11 16:40:29.909599, , rf>11, 155, 249232304, 301, 1, 3592, 11:2:19, 16:40:24.290, 0,  0.00000,    0.00000, 0, -80, 4.2, 0.409, 3, 164
2019-02-11 16:40:30.582490, , rf>12, 152, 337702493, 540, 1, 4703, 9:1:80, 21:48:9.878, 0,  0.00000,    0.00000, 0, -93, 4.2, 0.529, 3, 164
2019-02-11 16:40:35.021326, , rf>11, 156, 249236060, 277, 1, 4936, 11:2:19, 16:40:27.29, 0,  0.00000,    0.00000, 0, -82, 4.2, 0.512, 3, 164
2019-02-11 16:40:35.521661, , rf>12, 153, 337707837, -1, 0, 4353, 9:1:80, 21:48:14.214, 0,  0.00000,    0.00000, 0, -96, 4.2, 0.580, 3, 641
2019-02-11 16:40:38.769074, , rf>11, 157, 249241160, 308, 1, 3599, 11:2:19, 16:40:32.139, 0,  0.00000,    0.00000, 0, -82, 4.2, 0.432, 3, 164
2019-02-11 16:40:40.446153, , rf>12, 154, 337712799, 389, 1, 4759, 9:1:80, 21:48:19.188, 0,  0.00000,    0.00000, 0, -92, 4.2, 0.493, 3, 609
2019-02-11 16:40:43.848449, , rf>11, 158, 249244923, 349, 1, 4906, 11:2:19, 16:40:36.904, 0,  0.00000,    0.00000, 0, -82, 4.2, 0.487, 3, 164
2019-02-11 16:40:44.959957, , rf>12, 155, 337717722, 238, 1, 4365, 9:1:80, 21:48:24.105, 0,  0.00000,    0.00000, 0, -93, 4.2, 0.645, 3, 164
2019-02-11 16:40:47.752860, , rf>11, 159, 249249993, 308, 1, 3739, 11:2:19, 16:40:41.987, 0,  0.00000,    0.00000, 0, -82, 4.2, 0.506, 3, 164
2019-02-11 16:40:48.333166, , rf>12, 156, 337722251, 431, 1, 3187, 9:1:80, 21:48:29.646, 0,  0.00000,    0.00000, 0, -93, 4.2, 0.712, 3, 164
2019-02-11 16:40:52.753193, , rf>11, 160, 249253896, 323, 1, 4836, 11:2:19, 16:40:45.892, 0,  0.00000,    0.00000, 0, -83, 4.2, 0.432, 3, 164
2019-02-11 16:40:53.411636, , rf>12, 157, 337725602, 306, 1, 4427, 9:1:80, 21:48:32.6, 0,  0.00000,    0.00000, 0, -95, 4.2, 0.570, 3, 164
2019-02-11 16:40:56.061624, , rf>11, 161, 249258896, 346, 1, 3146, 11:2:19, 16:40:50.901, 0,  0.00000,    0.00000, 0, -82, 4.2, 0.432, 3, 164
2019-02-11 16:40:58.285784, , rf>12, 158, 337730674, 20, 1, 4688, 9:1:80, 21:48:37.72, 0,  0.00000,    0.00000, 0, -95, 4.2, 0.000, 3, 645
2019-02-11 16:40:59.465495, , rf>11, 162, 249262206, 429, 1, 3221, 11:2:19, 16:40:54.207, 0,  0.00000,    0.00000, 0, -83, 4.2, 0.525, 3, 164
2019-02-11 16:41:02.099938, , rf>12, 159, 337735526, 378, 1, 3648, 9:1:80, 21:48:42.920, 0,  0.00000,    0.00000, 0, -95, 4.2, 0.616, 3, 164
2019-02-11 16:41:04.326099, , rf>11, 163, 249265591, 386, 1, 4699, 11:2:19, 16:40:57.592, 0,  0.00000,    0.00000, 0, -82, 4.2, 0.522, 3, 164
2019-02-11 16:41:06.913579, , rf>12, 160, 337739338, 426, 1, 4662, 9:1:80, 21:48:46.734, 0,  0.00000,    0.00000, 0, -96, 4.2, 0.580, 3, 164
2019-02-11 16:41:08.747136, , rf>11, 164, 249270454, 397, 1, 4252, 11:2:19, 16:41:2.458, 0,  0.00000,    0.00000, 0, -82, 4.2, 0.500, 3, 164
2019-02-11 16:41:11.146609, , rf>12, 161, 337744164, 521, 1, 4072, 9:1:80, 21:48:51.574, 0,  0.00000,    0.00000, 0, -95, 4.2, 0.654, 3, 164
2019-02-11 16:41:13.734584, , rf>11, 165, 249274870, 359, 1, 4838, 11:2:19, 16:41:6.868, 0,  0.00000,    0.00000, 0, -82, 4.2, 0.429, 3, 164
2019-02-11 16:41:15.050509, , rf>12, 162, 337748400, 368, 1, 3732, 9:1:80, 21:48:55.813, 0,  0.00000,    0.00000, 0, -95, 4.2, 0.454, 3, 164
2019-02-11 16:41:18.579709, , rf>12, 163, 337752296, 1298, 1, 3385, 9:1:80, 21:48:59.712, 0,  0.00000,    0.00000, 0, -95, 4.2, 0.464, 3, 164
2019-02-11 16:41:18.860844, , rf>11, 166, 249279872, 364, 1, 4949, 11:2:19, 16:41:11.880, 0,  0.00000,    0.00000, 0, -82, 4.2, 0.448, 3, 164
2019-02-11 16:41:22.373180, , rf>12, 164, 337755845, 3187, 1, 3627, 9:1:80, 21:49:3.261, 0,  0.00000,    0.00000, 0, -93, 4.2, 0.548, 3, 164
2019-02-11 16:41:22.781661, , rf>11, 167, 249284985, 376, 1, 3760, 11:2:19, 16:41:16.979, 0,  0.00000,    0.00000, 0, -82, 4.2, 0.445, 3, 164
2019-02-11 16:41:27.389586, , rf>11, 168, 249288909, 331, 1, 3669, 11:2:19, 16:41:20.928, 0,  0.00000,    0.00000, 0, -82, 4.2, 0.432, 3, 164
2019-02-11 16:41:27.829071, , rf>12, 165, 337759636, 3961, 1, 3968, 9:1:80, 21:49:6.45, 0,  0.00000,    0.00000, 0, -95, 4.2, 0.554, 3, 164
2019-02-11 16:41:31.265025, , rf>12, 166, 337765076, 886, 1, 3262, 9:1:80, 21:49:11.499, 0,  0.00000,    0.00000, 0, -93, 4.2, 0.590, 3, 1458
2019-02-11 16:41:31.389995, , rf>11, 169, 249293508, 463, 1, 3835, 11:2:19, 16:41:24.505, 0,  0.00000,    0.00000, 0, -82, 4.2, 0.442, 3, 930
2019-02-11 16:41:34.823044, , rf>12, 167, 337768502, 2320, 1, 3385, 9:1:80, 21:49:15.146, 0,  0.00000,    0.00000, 0, -93, 4.2, 0.564, 3, 164
2019-02-11 16:41:36.093347, , rf>11, 170, 249297507, 486, 1, 4537, 11:2:19, 16:41:29.526, 0,  0.00000,    0.00000, 0, -82, 4.2, 0.429, 3, 164
2019-02-11 16:41:38.618842, , rf>12, 168, 337772051, 989, 1, 3646, 9:1:80, 21:49:19.479, 0,  0.00000,    0.00000, 0, -95, 4.2, 0.648, 3, 164
2019-02-11 16:41:41.217058, , rf>11, 171, 249302208, 393, 1, 4960, 11:2:19, 16:41:34.220, 0,  0.00000,    0.00000, 0, -83, 4.2, 0.548, 3, 164
2019-02-11 16:41:43.102003, , rf>12, 169, 337775861, 722, 1, 4311, 9:1:80, 21:49:23.292, 0,  0.00000,    0.00000, 0, -93, 4.2, 0.651, 3, 164
2019-02-11 16:41:46.191031, , rf>11, 172, 249307332, 287, 1, 4822, 11:2:19, 16:41:39.356, 0,  0.00000,    0.00000, 0, -83, 4.2, 0.412, 3, 164
2019-02-11 16:41:47.226582, , rf>12, 170, 337780336, 749, 1, 3978, 9:1:80, 21:49:27.769, 0,  0.00000,    0.00000, 0, -93, 4.2, 0.648, 3, 164
2019-02-11 16:41:50.767042, , rf>11, 173, 249312318, 341, 1, 4394, 11:2:19, 16:41:44.344, 0,  0.00000,    0.00000, 0, -82, 4.2, 0.500, 3, 164
2019-02-11 16:41:50.958797, , rf>12, 171, 337784478, 1401, 1, 3557, 9:1:80, 21:49:31.913, 0,  0.00000,    0.00000, 0, -93, 4.2, 0.480, 3, 164
2019-02-11 16:41:54.390960, , rf>12, 172, 337788199, 329, 1, 3262, 9:1:80, 21:49:35.634, 0,  0.00000,    0.00000, 0, -93, 4.2, 0.490, 3, 164
2019-02-11 16:41:54.768979, , rf>11, 174, 249316876, -1, 0, 3824, 11:2:19, 16:41:48.894, 0,  0.00000,    0.00000, 0, -82, 4.2, 0.438, 3, 164
2019-02-11 16:41:57.574389, , rf>12, 173, 337791625, 20, 1, 3018, 9:1:80, 21:49:38.63, 0,  0.00000,    0.00000, 0, -93, 4.2, 0.000, 3, 164
2019-02-11 16:41:59.315438, , rf>11, 175, 249320864, 756, 1, 4379, 11:2:19, 16:41:52.883, 0,  0.00000,    0.00000, 0, -82, 4.2, 0.412, 3, 164
2019-02-11 16:42:00.757362, , rf>12, 174, 337794807, 400, 1, 3012, 9:1:80, 21:49:42.247, 0,  0.00000,    0.00000, 0, -95, 4.2, 0.690, 3, 164
2019-02-11 16:42:02.811346, , rf>11, 176, 249325407, 682, 1, 3348, 11:2:19, 16:41:57.440, 0,  0.00000,    0.00000, 0, -82, 4.2, 0.471, 3, 164
2019-02-11 16:42:04.015660, , rf>12, 175, 337797983, 539, 1, 3068, 9:1:80, 21:49:45.433, 0,  0.00000,    0.00000, 0, -93, 4.2, 0.619, 3, 164
2019-02-11 16:42:06.340211, , rf>11, 177, 249328919, 484, 1, 3372, 11:2:19, 16:42:0.944, 0,  0.00000,    0.00000, 0, -82, 4.2, 0.448, 3, 164
2019-02-11 16:42:08.896558, , rf>12, 176, 337801215, 569, 1, 4741, 9:1:80, 21:49:48.658, 0,  0.00000,    0.00000, 0, -95, 4.2, 0.606, 3, 164
2019-02-11 16:42:10.635763, , rf>11, 178, 249332455, 431, 1, 4112, 11:2:19, 16:42:4.482, 0,  0.00000,    0.00000, 0, -82, 4.2, 0.448, 3, 164
2019-02-11 16:42:12.909059, , rf>12, 177, 337806120, 484, 1, 3851, 9:1:80, 21:49:53.574, 0,  0.00000,    0.00000, 0, -93, 4.2, 0.532, 3, 164
2019-02-11 16:42:15.465765, , rf>11, 179, 249336731, 472, 1, 4672, 11:2:19, 16:42:8.760, 0,  0.00000,    0.00000, 0, -82, 4.2, 0.425, 3, 164
2019-02-11 16:42:17.317132, , rf>12, 178, 337810135, 687, 1, 4253, 9:1:80, 21:49:57.572, 0,  0.00000,    0.00000, 0, -92, 4.2, 0.538, 3, 164
2019-02-11 16:42:18.804582, , rf>11, 180, 249341567, 324, 1, 3163, 11:2:19, 16:42:13.615, 0,  0.00000,    0.00000, 0, -82, 4.2, 0.503, 3, 164
2019-02-11 16:42:21.987834, , rf>12, 179, 337814552, 600, 1, 4478, 9:1:80, 21:50:1.10, 0,  0.00000,    0.00000, 0, -92, 4.2, 0.519, 3, 164
2019-02-11 16:42:22.897671, , rf>11, 181, 249344894, 245, 1, 3939, 11:2:19, 16:42:16.927, 0,  0.00000,    0.00000, 0, -82, 4.2, 0.387, 3, 164
2019-02-11 16:42:26.002873, , rf>12, 180, 337819194, 1068, 1, 3859, 9:1:80, 21:50:6.645, 0,  0.00000,    0.00000, 0, -93, 4.2, 0.677, 3, 164
2019-02-11 16:42:26.629316, , rf>11, 182, 249348997, 351, 1, 3563, 11:2:19, 16:42:20.30, 0,  0.00000,    0.00000, 0, -82, 4.2, 0.558, 3, 164
2019-02-11 16:42:30.189483, , rf>11, 183, 249352724, 430, 1, 3386, 11:2:19, 16:42:24.760, 0,  0.00000,    0.00000, 0, -82, 4.2, 0.564, 3, 164
2019-02-11 16:42:31.145291, , rf>12, 181, 337823217, 510, 1, 4984, 9:1:80, 21:50:10.671, 0,  0.00000,    0.00000, 0, -95, 4.2, 0.690, 3, 164
2019-02-11 16:42:34.924602, , rf>11, 184, 249356274, 337, 1, 4576, 11:2:19, 16:42:28.312, 0,  0.00000,    0.00000, 0, -82, 4.2, 0.529, 3, 164
2019-02-11 16:42:35.613958, , rf>12, 182, 337828365, 465, 1, 4284, 9:1:80, 21:50:15.821, 0,  0.00000,    0.00000, 0, -95, 4.2, 0.541, 3, 164
2019-02-11 16:42:38.420035, , rf>11, 185, 249361014, 289, 1, 3329, 11:2:19, 16:42:32.54, 0,  0.00000,    0.00000, 0, -82, 4.2, 0.503, 3, 164
2019-02-11 16:42:39.941142, , rf>12, 183, 337832813, 1173, 1, 4172, 9:1:80, 21:50:20.260, 0,  0.00000,    0.00000, 0, -95, 4.2, 0.603, 3, 164
2019-02-11 16:42:43.250271, , rf>11, 186, 249364507, 311, 1, 4657, 11:2:19, 16:42:36.559, 0,  0.00000,    0.00000, 0, -82, 4.2, 0.471, 3, 164
2019-02-11 16:42:44.928774, , rf>12, 184, 337837149, 476, 1, 4821, 9:1:80, 21:50:24.617, 0,  0.00000,    0.00000, 0, -95, 4.2, 0.583, 3, 164
2019-02-11 16:42:47.765382, , rf>11, 187, 249369328, 463, 1, 4355, 11:2:19, 16:42:41.382, 0,  0.00000,    0.00000, 0, -82, 4.2, 0.425, 3, 164
2019-02-11 16:42:49.601237, , rf>12, 185, 337842134, 759, 1, 4514, 9:1:80, 21:50:29.596, 0,  0.00000,    0.00000, 0, -95, 4.2, 0.525, 3, 164
2019-02-11 16:42:51.796853, , rf>11, 188, 249373847, 275, 1, 3881, 11:2:19, 16:42:45.903, 0,  0.00000,    0.00000, 0, -82, 4.2, 0.622, 3, 164
2019-02-11 16:42:53.945069, , rf>12, 186, 337846812, 418, 1, 4160, 9:1:80, 21:50:34.266, 0,  0.00000,    0.00000, 0, -95, 4.2, 0.519, 3, 164
2019-02-11 16:42:56.906978, , rf>11, 189, 249377892, 307, 1, 4935, 11:2:19, 16:42:49.950, 0,  0.00000,    0.00000, 0, -82, 4.2, 0.509, 3, 164
2019-02-11 16:42:57.755181, , rf>12, 187, 337851136, 2790, 1, 3651, 9:1:80, 21:50:38.611, 0,  0.00000,    0.00000, 0, -96, 4.2, 0.545, 3, 164
2019-02-11 16:43:00.605629, , rf>11, 190, 249382991, 228, 1, 3518, 11:2:19, 16:42:54.40, 0,  0.00000,    0.00000, 0, -81, 4.2, 0.509, 3, 164
2019-02-11 16:43:02.677319, , rf>12, 188, 337854951, 298, 1, 4769, 9:1:80, 21:50:42.409, 0,  0.00000,    0.00000, 0, -95, 4.2, 0.564, 3, 164
2019-02-11 16:43:04.962771, , rf>11, 191, 249386673, 324, 1, 4180, 11:2:19, 16:42:58.727, 0,  0.00000,    0.00000, 0, -82, 4.2, 0.474, 3, 164
2019-02-11 16:43:06.408708, , rf>12, 189, 337859884, 337, 1, 3562, 9:1:80, 21:50:47.362, 0,  0.00000,    0.00000, 0, -95, 4.2, 0.500, 3, 164
2019-02-11 16:43:08.338258, , rf>11, 192, 249391017, 342, 1, 3242, 11:2:19, 16:43:2.73, 0,  0.00000,    0.00000, 0, -82, 4.2, 0.535, 3, 164
2019-02-11 16:43:10.314866, , rf>12, 190, 337863610, 457, 1, 3745, 9:1:80, 21:50:50.83, 0,  0.00000,    0.00000, 0, -95, 4.2, 0.496, 3, 164
2019-02-11 16:43:12.179057, , rf>11, 193, 249394423, 971, 1, 3670, 11:2:19, 16:43:6.480, 0,  0.00000,    0.00000, 0, -82, 4.2, 0.538, 3, 164
2019-02-11 16:43:13.748367, , rf>12, 191, 337867519, 307, 1, 3251, 9:1:80, 21:50:54.994, 0,  0.00000,    0.00000, 0, -95, 4.2, 0.574, 3, 164
2019-02-11 16:43:17.162657, , rf>11, 194, 249398257, 345, 1, 4813, 11:2:19, 16:43:10.325, 0,  0.00000,    0.00000, 0, -82, 4.2, 0.583, 3, 164
2019-02-11 16:43:17.824837, , rf>12, 192, 337870934, 318, 1, 3908, 9:1:80, 21:50:58.400, 0,  0.00000,    0.00000, 0, -95, 4.2, 0.509, 3, 164
2019-02-11 16:43:20.444432, , rf>11, 195, 249403234, 289, 1, 3108, 11:2:19, 16:43:15.297, 0,  0.00000,    0.00000, 0, -82, 4.2, 0.522, 3, 164
2019-02-11 16:43:22.027474, , rf>12, 193, 337875006, 305, 1, 4038, 9:1:80, 21:51:2.474, 0,  0.00000,    0.00000, 0, -95, 4.2, 0.525, 3, 164
2019-02-11 16:43:23.815092, , rf>11, 196, 249406506, 244, 1, 3210, 11:2:19, 16:43:18.572, 0,  0.00000,    0.00000, 0, -82, 4.2, 0.393, 3, 164
2019-02-11 16:43:26.163023, , rf>12, 194, 337879208, 443, 1, 3954, 9:1:80, 21:51:6.678, 0,  0.00000,    0.00000, 0, -95, 4.2, 0.596, 3, 164
2019-02-11 16:43:28.455401, , rf>11, 197, 249409880, 260, 1, 4481, 11:2:19, 16:43:21.955, 0,  0.00000,    0.00000, 0, -82, 4.2, 0.432, 3, 164
2019-02-11 16:43:30.509979, , rf>12, 195, 337883326, 3365, 1, 4212, 9:1:80, 21:51:10.816, 0,  0.00000,    0.00000, 0, -91, 4.2, 0.587, 3, 164
2019-02-11 16:43:33.818713, , rf>11, 198, 249414975, 206, 1, 4742, 11:2:19, 16:43:26.43, 0,  0.00000,    0.00000, 0, -82, 4.2, 0.445, 3, 614
2019-02-11 16:43:34.601946, , rf>12, 196, 337887702, -1, 0, 3932, 9:1:80, 21:51:15.188, 0,  0.00000,    0.00000, 0, -95, 4.2, 0.532, 3, 164
2019-02-11 16:43:37.189973, , rf>11, 199, 249419881, 304, 1, 3188, 11:2:19, 16:43:31.961, 0,  0.00000,    0.00000, 0, -82, 4.2, 0.487, 3, 164
2019-02-11 16:43:38.176255, , rf>12, 197, 337891798, 766, 1, 3385, 9:1:80, 21:51:19.286, 0,  0.00000,    0.00000, 0, -93, 4.2, 0.490, 3, 164
2019-02-11 16:43:41.767559, , rf>11, 200, 249423233, 308, 1, 4410, 11:2:19, 16:43:35.298, 0,  0.00000,    0.00000, 0, -82, 4.2, 0.419, 3, 164
2019-02-11 16:43:42.286088, , rf>12, 198, 337895347, -1, 0, 3945, 9:1:80, 21:51:22.826, 0,  0.00000,    0.00000, 0, -93, 4.2, 0.554, 3, 164
2019-02-11 16:43:45.390411, , rf>11, 201, 249427807, 299, 1, 3471, 11:2:19, 16:43:39.884, 0,  0.00000,    0.00000, 0, -83, 4.2, 0.493, 3, 164
2019-02-11 16:43:46.629058, , rf>12, 199, 337899456, 428, 1, 4175, 9:1:80, 21:51:26.937, 0,  0.00000,    0.00000, 0, -93, 4.2, 0.651, 3, 164
2019-02-11 16:43:49.686362, , rf>11, 202, 249431442, 411, 1, 4129, 11:2:19, 16:43:43.532, 0,  0.00000,    0.00000, 0, -82, 4.2, 0.425, 3, 164
2019-02-11 16:43:51.519574, , rf>12, 200, 337903795, -1, 0, 4746, 9:1:80, 21:51:31.289, 0,  0.00000,    0.00000, 0, -95, 4.2, 0.538, 3, 164
2019-02-11 16:43:53.981839, , rf>11, 203, 249435735, 377, 1, 4115, 11:2:19, 16:43:47.820, 0,  0.00000,    0.00000, 0, -82, 4.2, 0.625, 3, 164
2019-02-11 16:43:55.581692, , rf>12, 201, 337908705, 589, 1, 3895, 9:1:80, 21:51:36.209, 0,  0.00000,    0.00000, 0, -95, 4.2, 0.554, 3, 164
2019-02-11 16:43:58.608652, , rf>11, 204, 249440014, 295, 1, 4478, 11:2:19, 16:43:51.109, 0,  0.00000,    0.00000, 0, -82, 4.2, 0.503, 3, 164
2019-02-11 16:43:59.093934, , rf>12, 202, 337912764, -1, 0, 3332, 9:1:80, 21:51:40.269, 0,  0.00000,    0.00000, 0, -92, 4.2, 0.625, 3, 164
2019-02-11 16:44:02.372077, , rf>12, 203, 337916260, 1241, 1, 3112, 9:1:80, 21:51:43.759, 0,  0.00000,    0.00000, 0, -96, 4.2, 0.683, 3, 164
2019-02-11 16:44:03.593532, , rf>11, 205, 249444656, 497, 1, 4815, 11:2:19, 16:43:56.747, 0,  0.00000,    0.00000, 0, -80, 4.2, 0.467, 3, 164
2019-02-11 16:44:06.978782, , rf>12, 204, 337919536, 2638, 1, 4432, 9:1:80, 21:51:46.27, 0,  0.00000,    0.00000, 0, -90, 4.2, 0.577, 3, 164
2019-02-11 16:44:08.562641, , rf>11, 206, 249449635, 271, 2, 4795, 11:2:19, 16:44:1.731, 0,  0.00000,    0.00000, 0, -81, 4.2, 0.458, 3, 164
2019-02-11 16:44:10.602390, , rf>12, 205, 337924132, 632, 1, 3476, 9:1:80, 21:51:51.635, 0,  0.00000,    0.00000, 0, -93, 4.2, 0.709, 3, 164
2019-02-11 16:44:12.107816, , rf>11, 207, 249454594, -1, 0, 3382, 11:2:19, 16:44:6.691, 0,  0.00000,    0.00000, 0, -81, 4.2, 0.451, 3, 164
2019-02-11 16:44:15.745944, , rf>12, 206, 337927772, 152, 1, 4982, 9:1:80, 21:51:55.277, 0,  0.00000,    0.00000, 0, -93, 4.2, 0.815, 3, 164
2019-02-11 16:44:17.015156, , rf>11, 208, 249458140, 336, 1, 4723, 11:2:19, 16:44:10.249, 0,  0.00000,    0.00000, 0, -80, 4.2, 0.425, 3, 164
2019-02-11 16:44:19.745005, , rf>12, 207, 337932918, 807, 1, 3823, 9:1:80, 21:52:0.435, 0,  0.00000,    0.00000, 0, -92, 4.2, 0.461, 3, 164
2019-02-11 16:44:21.719158, , rf>11, 209, 249463027, 354, 1, 4530, 11:2:19, 16:44:14.127, 0,  0.00000,    0.00000, 0, -80, 4.2, 0.451, 3, 164
2019-02-11 16:44:24.511913, , rf>12, 208, 337936905, 478, 1, 4598, 9:1:80, 21:52:4.407, 0,  0.00000,    0.00000, 0, -92, 4.2, 0.461, 3, 164
2019-02-11 16:44:26.533919, , rf>11, 210, 249467721, 353, 1, 4666, 11:2:19, 16:44:19.834, 0,  0.00000,    0.00000, 0, -81, 4.2, 0.483, 3, 164
2019-02-11 16:44:28.259207, , rf>12, 209, 337941667, 522, 1, 3572, 9:1:80, 21:52:8.190, 0,  0.00000,    0.00000, 0, -92, 4.2, 0.628, 3, 164
2019-02-11 16:44:31.067447, , rf>11, 211, 249472551, 400, 1, 4378, 11:2:19, 16:44:24.666, 0,  0.00000,    0.00000, 0, -81, 4.2, 0.570, 3, 164
2019-02-11 16:44:31.644429, , rf>12, 210, 337945403, 312, 1, 3215, 9:1:80, 21:52:12.921, 0,  0.00000,    0.00000, 0, -92, 4.2, 0.567, 3, 164
2019-02-11 16:44:35.393092, , rf>11, 212, 249477093, 291, 1, 4164, 11:2:19, 16:44:29.210, 0,  0.00000,    0.00000, 0, -81, 4.2, 0.412, 3, 164
2019-02-11 16:44:36.302953, , rf>12, 211, 337948782, 268, 1, 4495, 9:1:80, 21:52:16.303, 0,  0.00000,    0.00000, 0, -92, 4.2, 0.467, 3, 164
