2019-02-11 16:16:41.753445, , rf>11, 1, 247803911, -1, 0, 4525, 11:2:19, 16:16:35.733, 0,  0.00000,    0.00000, 0, -81, 4.2, 0.435, 3, 2417076
2019-02-11 16:16:42.301752, , rf>12, 1, 336275435, 1104, 1, 4245, 9:1:80, 21:24:22.64, 0,  0.00000,    0.00000, 0, -98, 4.2, 0.577, 3, 2420500
2019-02-11 16:16:45.892521, , rf>12, 2, 336280298, 497, 1, 3438, 9:1:80, 21:24:26.974, 0,  0.00000,    0.00000, 0, -98, 4.2, 0.496, 3, 618
2019-02-11 16:16:46.176040, , rf>11, 2, 247808600, -1, 0, 4267, 11:2:19, 16:16:39.892, 0,  0.00000,    0.00000, 0, -82, 4.2, 0.435, 3, 164
2019-02-11 16:16:50.753914, , rf>11, 3, 247813031, -1, 0, 4403, 11:2:19, 16:16:44.316, 0,  0.00000,    0.00000, 0, -81, 4.2, 0.458, 3, 164
2019-02-11 16:16:51.349838, , rf>12, 3, 336283900, 392, 1, 4866, 9:1:80, 21:24:30.580, 0,  0.00000,    0.00000, 0, -92, 4.2, 0.545, 3, 164
2019-02-11 16:16:53.998986, , rf>11, 4, 247817598, -1, 0, 3080, 11:2:19, 16:16:48.900, 0,  0.00000,    0.00000, 0, -81, 4.2, 0.416, 3, 164
2019-02-11 16:16:55.865153, , rf>12, 4, 336289328, 304, 1, 4376, 9:1:80, 21:24:35.11, 0,  0.00000,    0.00000, 0, -95, 4.2, 0.512, 3, 562
2019-02-11 16:16:58.610205, , rf>11, 5, 247820842, -1, 0, 4431, 11:2:19, 16:16:51.140, 0,  0.00000,    0.00000, 0, -80, 4.2, 0.422, 3, 164
2019-02-11 16:16:59.488470, , rf>12, 5, 336293868, 274, 1, 3450, 9:1:80, 21:24:40.549, 0,  0.00000,    0.00000, 0, -96, 4.2, 0.435, 3, 164
2019-02-11 16:17:01.867385, , rf>11, 6, 247825437, -1, 0, 3097, 11:2:19, 16:16:56.736, 0,  0.00000,    0.00000, 0, -80, 4.2, 0.422, 3, 164
2019-02-11 16:17:02.702588, , rf>12, 6, 336297482, 361, 1, 3035, 9:1:80, 21:24:43.154, 0,  0.00000,    0.00000, 0, -96, 4.2, 0.458, 3, 164
2019-02-11 16:17:06.149947, , rf>12, 7, 336300681, 329, 1, 3302, 9:1:80, 21:24:47.376, 0,  0.00000,    0.00000, 0, -96, 4.2, 0.471, 3, 164
2019-02-11 16:17:06.935788, , rf>11, 7, 247828698, -1, 0, 4905, 11:2:19, 16:16:59.989, 0,  0.00000,    0.00000, 0, -80, 4.2, 0.474, 3, 164
2019-02-11 16:17:11.138226, , rf>11, 8, 247833767, 177, 1, 4045, 11:2:19, 16:17:4.71, 0,  0.00000,    0.00000, 0, -81, 4.2, 0.438, 3, 164
2019-02-11 16:17:11.921249, , rf>12, 8, 336304147, 281, 1, 4822, 9:1:80, 21:24:50.834, 0,  0.00000,    0.00000, 0, -96, 4.2, 0.541, 3, 164
2019-02-11 16:17:15.293983, , rf>11, 9, 247837976, 187, 1, 3990, 11:2:19, 16:17:9.281, 0,  0.00000,    0.00000, 0, -81, 4.2, 0.535, 3, 164
2019-02-11 16:17:15.559547, , rf>12, 9, 336309911, 681, 1, 3469, 9:1:80, 21:24:55.591, 0,  0.00000,    0.00000, 0, -98, 4.2, 0.506, 3, 942
2019-02-11 16:17:18.902086, , rf>11, 10, 247842130, 208, 1, 3433, 11:2:19, 16:17:13.438, 0,  0.00000,    0.00000, 0, -80, 4.2, 0.654, 3, 164
2019-02-11 16:17:20.466324, , rf>12, 10, 336313977, 442, 1, 4297, 9:1:80, 21:25:0.671, 0,  0.00000,    0.00000, 0, -95, 4.2, 0.558, 3, 597
2019-02-11 16:17:22.552180, , rf>11, 11, 247845727, 213, 1, 3494, 11:2:19, 16:17:16.28, 0,  0.00000,    0.00000, 0, -82, 4.2, 0.738, 3, 164
2019-02-11 16:17:24.214021, , rf>12, 11, 336318438, 377, 1, 3570, 9:1:80, 21:25:4.136, 0,  0.00000,    0.00000, 0, -95, 4.2, 0.538, 3, 164
2019-02-11 16:17:26.175254, , rf>11, 12, 247849385, 175, 1, 3461, 11:2:19, 16:17:20.698, 0,  0.00000,    0.00000, 0, -82, 4.2, 0.506, 3, 164
2019-02-11 16:17:28.353473, , rf>12, 12, 336322172, 247, 1, 3975, 9:1:80, 21:25:8.872, 0,  0.00000,    0.00000, 0, -99, 4.2, 0.512, 3, 164
2019-02-11 16:17:31.271635, , rf>11, 13, 247853010, 160, 1, 4518, 11:2:19, 16:17:24.324, 0,  0.00000,    0.00000, 0, -83, 4.2, 0.493, 3, 164
2019-02-11 16:17:33.182774, , rf>12, 13, 336326311, 313, 1, 4665, 9:1:80, 21:25:12.13, 0,  0.00000,    0.00000, 0, -97, 4.2, 0.512, 3, 164
2019-02-11 16:17:35.111827, , rf>11, 14, 247858068, 208, 1, 3709, 11:2:19, 16:17:28.385, 0,  0.00000,    0.00000, 0, -82, 4.2, 0.616, 3, 540
2019-02-11 16:17:37.823814, , rf>12, 14, 336331140, 270, 1, 4489, 9:1:80, 21:25:17.853, 0,  0.00000,    0.00000, 0, -97, 4.2, 0.574, 3, 164
2019-02-11 16:17:39.739593, , rf>11, 15, 247861941, 265, 1, 4444, 11:2:19, 16:17:33.267, 0,  0.00000,    0.00000, 0, -81, 4.2, 0.461, 3, 164
2019-02-11 16:17:41.415307, , rf>12, 15, 336335793, 475, 1, 3415, 9:1:80, 21:25:22.500, 0,  0.00000,    0.00000, 0, -93, 4.2, 0.400, 3, 164
2019-02-11 16:17:44.097116, , rf>11, 16, 247866549, 175, 1, 4197, 11:2:19, 16:17:37.860, 0,  0.00000,    0.00000, 0, -82, 4.2, 0.516, 3, 164
2019-02-11 16:17:44.754471, , rf>12, 16, 336339372, 595, 1, 3165, 9:1:80, 21:25:25.89, 0,  0.00000,    0.00000, 0, -104, 4.2, 0.425, 3, 164
2019-02-11 16:17:48.267394, , rf>12, 17, 336342701, 379, 1, 3347, 9:1:80, 21:25:29.420, 0,  0.00000,    0.00000, 0, -96, 4.2, 0.471, 3, 164
2019-02-11 16:17:49.019071, , rf>11, 17, 247870910, 174, 1, 4764, 11:2:19, 16:17:42.233, 0,  0.00000,    0.00000, 0, -83, 4.2, 0.577, 3, 164
2019-02-11 16:17:51.700667, , rf>12, 18, 336346212, 398, 1, 3272, 9:1:80, 21:25:32.914, 0,  0.00000,    0.00000, 0, -103, 4.2, 0.574, 3, 164
2019-02-11 16:17:53.405199, , rf>11, 18, 247875838, 221, 1, 4188, 11:2:19, 16:17:46.164, 0,  0.00000,    0.00000, 0, -81, 4.2, 0.616, 3, 164
2019-02-11 16:17:55.323885, , rf>12, 19, 336349648, 652, 1, 3458, 9:1:80, 21:25:36.352, 0,  0.00000,    0.00000, 0, -99, 4.2, 0.558, 3, 164
2019-02-11 16:17:57.817275, , rf>11, 19, 247880190, 271, 1, 4277, 11:2:19, 16:17:51.509, 0,  0.00000,    0.00000, 0, -81, 4.2, 0.435, 3, 164
2019-02-11 16:17:59.712750, , rf>12, 20, 336353270, 382, 1, 4244, 9:1:80, 21:25:39.986, 0,  0.00000,    0.00000, 0, -102, 4.2, 0.519, 3, 164
2019-02-11 16:18:01.751247, , rf>11, 20, 247884631, 247, 1, 3759, 11:2:19, 16:17:55.954, 0,  0.00000,    0.00000, 0, -80, 4.2, 0.493, 3, 164
2019-02-11 16:18:04.793970, , rf>12, 21, 336357678, 297, 1, 4901, 9:1:80, 21:25:44.404, 0,  0.00000,    0.00000, 0, -107, 4.2, 0.583, 3, 164
2019-02-11 16:18:05.421406, , rf>11, 21, 247888554, 298, 1, 3512, 11:2:19, 16:17:59.887, 0,  0.00000,    0.00000, 0, -81, 4.2, 0.516, 3, 164
2019-02-11 16:18:08.039704, , rf>12, 22, 336362743, 320, 1, 3087, 9:1:80, 21:25:49.463, 0,  0.00000,    0.00000, 0, -100, 4.2, 0.416, 3, 164
2019-02-11 16:18:09.592345, , rf>11, 22, 247892230, 201, 1, 3999, 11:2:19, 16:18:3.566, 0,  0.00000,    0.00000, 0, -82, 4.2, 0.500, 3, 164
2019-02-11 16:18:12.712327, , rf>12, 23, 336365994, 479, 1, 4494, 9:1:80, 21:25:52.724, 0,  0.00000,    0.00000, 0, -97, 4.2, 0.451, 3, 164
2019-02-11 16:18:13.841484, , rf>11, 23, 247896393, 208, 1, 4085, 11:2:19, 16:18:7.723, 0,  0.00000,    0.00000, 0, -81, 4.2, 0.429, 3, 164
2019-02-11 16:18:17.212577, , rf>12, 24, 336370652, 339, 1, 4339, 9:1:80, 21:25:57.376, 0,  0.00000,    0.00000, 0, -99, 4.2, 0.483, 3, 164
2019-02-11 16:18:18.545858, , rf>11, 24, 247900642, 195, 1, 4547, 11:2:19, 16:18:11.981, 0,  0.00000,    0.00000, 0, -82, 4.2, 0.599, 3, 164
2019-02-11 16:18:21.928656, , rf>12, 25, 336375155, 257, 1, 4552, 9:1:80, 21:26:1.881, 0,  0.00000,    0.00000, 0, -97, 4.2, 0.429, 3, 164
2019-02-11 16:18:23.467825, , rf>11, 25, 247905353, 184, 1, 4733, 11:2:19, 16:18:16.687, 0,  0.00000,    0.00000, 0, -81, 4.2, 0.638, 3, 164
2019-02-11 16:18:25.444712, , rf>12, 26, 336379871, 432, 1, 3356, 9:1:80, 21:26:6.607, 0,  0.00000,    0.00000, 0, -99, 4.2, 0.535, 3, 164
2019-02-11 16:18:27.153470, , rf>11, 26, 247910250, 83, 2, 3537, 11:2:19, 16:18:21.584, 0,  0.00000,    0.00000, 0, -81, 4.2, 0.000, 3, 164
2019-02-11 16:18:30.008193, , rf>12, 27, 336383391, 394, 1, 4390, 9:1:80, 21:26:9.121, 0,  0.00000,    0.00000, 0, -98, 4.2, 0.522, 3, 164
2019-02-11 16:18:30.713819, , rf>11, 27, 247913951, 1131, 1, 3398, 11:2:19, 16:18:25.288, 0,  0.00000,    0.00000, 0, -80, 4.2, 0.477, 3, 164
2019-02-11 16:18:34.632059, , rf>12, 28, 336387945, 342, 1, 4463, 9:1:80, 21:26:14.686, 0,  0.00000,    0.00000, 0, -100, 4.2, 0.558, 3, 164
2019-02-11 16:18:35.354929, , rf>11, 28, 247917513, 577, 1, 4455, 11:2:19, 16:18:28.851, 0,  0.00000,    0.00000, 0, -80, 4.2, 0.480, 3, 164
2019-02-11 16:18:38.035857, , rf>12, 29, 336392572, 306, 1, 3219, 9:1:80, 21:26:19.307, 0,  0.00000,    0.00000, 0, -100, 4.2, 0.558, 3, 164
2019-02-11 16:18:39.620622, , rf>11, 29, 247922132, 312, 1, 4119, 11:2:19, 16:18:33.475, 0,  0.00000,    0.00000, 0, -80, 4.2, 0.512, 3, 164
2019-02-11 16:18:42.364061, , rf>12, 30, 336395955, 446, 1, 4187, 9:1:80, 21:26:22.700, 0,  0.00000,    0.00000, 0, -93, 4.2, 0.564, 3, 164
2019-02-11 16:18:43.963324, , rf>11, 30, 247926415, 227, 1, 4162, 11:2:19, 16:18:37.767, 0,  0.00000,    0.00000, 0, -79, 4.2, 0.509, 3, 164
2019-02-11 16:18:47.317795, , rf>12, 31, 336400306, 355, 1, 4792, 9:1:80, 21:26:26.34, 0,  0.00000,    0.00000, 0, -93, 4.2, 0.419, 3, 164
2019-02-11 16:18:49.107024, , rf>11, 31, 247930741, 208, 1, 4975, 11:2:19, 16:18:41.85, 0,  0.00000,    0.00000, 0, -80, 4.2, 0.522, 3, 164
2019-02-11 16:18:52.038040, , rf>12, 32, 336405262, 375, 1, 4538, 9:1:80, 21:26:31.3, 0,  0.00000,    0.00000, 0, -93, 4.2, 0.474, 3, 164
2019-02-11 16:18:53.072525, , rf>11, 32, 247935880, 190, 1, 3806, 11:2:19, 16:18:47.235, 0,  0.00000,    0.00000, 0, -80, 4.2, 0.545, 3, 164
2019-02-11 16:18:55.266470, , rf>12, 33, 336409964, 352, 2, 3066, 9:1:80, 21:26:36.706, 0,  0.00000,    0.00000, 0, -93, 4.2, 0.496, 3, 164
2019-02-11 16:18:57.589076, , rf>11, 33, 247939850, 329, 1, 4349, 11:2:19, 16:18:51.200, 0,  0.00000,    0.00000, 0, -80, 4.2, 0.635, 3, 164
2019-02-11 16:18:59.219781, , rf>12, 34, 336413194, 1004, 1, 3776, 9:1:80, 21:26:39.928, 0,  0.00000,    0.00000, 0, -96, 4.2, 0.467, 3, 164
2019-02-11 16:19:02.135650, , rf>11, 34, 247944363, 174, 1, 4396, 11:2:19, 16:18:55.722, 0,  0.00000,    0.00000, 0, -81, 4.2, 0.474, 3, 164
2019-02-11 16:19:03.811809, , rf>12, 35, 336417134, 293, 2, 4435, 9:1:80, 21:26:43.871, 0,  0.00000,    0.00000, 0, -95, 4.2, 0.442, 3, 164
2019-02-11 16:19:05.741771, , rf>11, 35, 247948923, 242, 1, 3414, 11:2:19, 16:19:0.285, 0,  0.00000,    0.00000, 0, -79, 4.2, 0.364, 3, 164
2019-02-11 16:19:08.139313, , rf>12, 36, 336421733, 350, 1, 4137, 9:1:80, 21:26:48.490, 0,  0.00000,    0.00000, 0, -97, 4.2, 0.509, 3, 164
2019-02-11 16:19:09.049855, , rf>11, 36, 247952501, 271, 1, 3155, 11:2:19, 16:19:3.872, 0,  0.00000,    0.00000, 0, -83, 4.2, 0.451, 3, 164
2019-02-11 16:19:12.797547, , rf>12, 37, 336426034, 935, 1, 4506, 9:1:80, 21:26:52.793, 0,  0.00000,    0.00000, 0, -93, 4.2, 0.545, 3, 164
2019-02-11 16:19:13.017826, , rf>11, 37, 247955820, 217, 1, 3811, 11:2:19, 16:19:6.185, 0,  0.00000,    0.00000, 0, -82, 4.2, 0.425, 3, 164
2019-02-11 16:19:17.594725, , rf>11, 38, 247959795, 301, 1, 4397, 11:2:19, 16:19:10.162, 0,  0.00000,    0.00000, 0, -82, 4.2, 0.429, 3, 164
2019-02-11 16:19:18.772371, , rf>12, 38, 336430704, 447, 1, 4720, 9:1:80, 21:26:57.456, 0,  0.00000,    0.00000, 0, -98, 4.2, 0.425, 3, 164
2019-02-11 16:19:22.488938, , rf>11, 39, 247964356, 261, 1, 4726, 11:2:19, 16:19:15.714, 0,  0.00000,    0.00000, 0, -82, 4.2, 0.500, 3, 164
2019-02-11 16:19:23.807196, , rf>12, 39, 336436693, 598, 1, 4848, 9:1:80, 21:27:2.437, 0,  0.00000,    0.00000, 0, -96, 4.2, 0.522, 3, 1269
2019-02-11 16:19:26.878245, , rf>11, 40, 247969246, 279, 1, 4245, 11:2:19, 16:19:20.617, 0,  0.00000,    0.00000, 0, -80, 4.2, 0.612, 3, 164
2019-02-11 16:19:27.396147, , rf>12, 40, 336441705, 419, 1, 3036, 9:1:80, 21:27:8.473, 0,  0.00000,    0.00000, 0, -91, 4.2, 0.561, 3, 164
2019-02-11 16:19:31.408837, , rf>11, 41, 247973655, 297, 1, 4022, 11:2:19, 16:19:24.30, 0,  0.00000,    0.00000, 0, -80, 4.2, 0.603, 3, 164
2019-02-11 16:19:31.880619, , rf>12, 41, 336445313, 419, 1, 3443, 9:1:80, 21:27:11.74, 0,  0.00000,    0.00000, 0, -95, 4.2, 0.664, 3, 572
2019-02-11 16:19:36.458771, , rf>11, 42, 247978179, 253, 1, 4866, 11:2:19, 16:19:29.547, 0,  0.00000,    0.00000, 0, -80, 4.2, 0.790, 3, 502
2019-02-11 16:19:36.930403, , rf>12, 42, 336449788, 855, 1, 4513, 9:1:80, 21:27:15.552, 0,  0.00000,    0.00000, 0, -92, 4.2, 0.464, 3, 1032
2019-02-11 16:19:40.724250, , rf>11, 43, 247983209, 227, 1, 4112, 11:2:19, 16:19:34.591, 0,  0.00000,    0.00000, 0, -81, 4.2, 0.496, 3, 164
2019-02-11 16:19:41.756919, , rf>12, 43, 336454835, 433, 1, 4654, 9:1:80, 21:27:21.601, 0,  0.00000,    0.00000, 0, -98, 4.2, 0.451, 3, 534
2019-02-11 16:19:44.502144, , rf>11, 44, 247987485, 293, 1, 3614, 11:2:19, 16:19:38.869, 0,  0.00000,    0.00000, 0, -81, 4.2, 0.516, 3, 164
2019-02-11 16:19:45.067626, , rf>12, 44, 336459653, 663, 1, 3132, 9:1:80, 21:27:26.414, 0,  0.00000,    0.00000, 0, -98, 4.2, 0.509, 3, 164
2019-02-11 16:19:48.641477, , rf>11, 45, 247991263, 278, 1, 3948, 11:2:19, 16:19:42.639, 0,  0.00000,    0.00000, 0, -81, 4.2, 0.541, 3, 164
2019-02-11 16:19:49.112309, , rf>12, 45, 336462949, 1164, 1, 3899, 9:1:80, 21:27:29.722, 0,  0.00000,    0.00000, 0, -96, 4.2, 0.480, 3, 164
2019-02-11 16:19:52.043523, , rf>11, 46, 247995375, 243, 1, 3234, 11:2:19, 16:19:46.766, 0,  0.00000,    0.00000, 0, -82, 4.2, 0.477, 3, 164
2019-02-11 16:19:53.125812, , rf>12, 46, 336467012, 502, 1, 3844, 9:1:80, 21:27:33.795, 0,  0.00000,    0.00000, 0, -101, 4.2, 0.451, 3, 164
2019-02-11 16:19:57.155946, , rf>11, 47, 247998773, 271, 1, 4977, 11:2:19, 16:19:49.166, 0,  0.00000,    0.00000, 0, -81, 4.2, 0.409, 3, 164
2019-02-11 16:19:57.813828, , rf>12, 47, 336471020, 1160, 1, 4530, 9:1:80, 21:27:37.788, 0,  0.00000,    0.00000, 0, -101, 4.2, 0.516, 3, 164
2019-02-11 16:20:01.646342, , rf>11, 48, 248003914, 242, 1, 4303, 11:2:19, 16:19:55.308, 0,  0.00000,    0.00000, 0, -81, 4.2, 0.619, 3, 164
2019-02-11 16:20:02.486970, , rf>12, 48, 336475714, 651, 1, 4481, 9:1:80, 21:27:42.494, 0,  0.00000,    0.00000, 0, -101, 4.2, 0.593, 3, 164
2019-02-11 16:20:05.012316, , rf>11, 49, 248008381, 275, 1, 3210, 11:2:19, 16:19:59.785, 0,  0.00000,    0.00000, 0, -82, 4.2, 0.509, 3, 164
2019-02-11 16:20:05.902865, , rf>12, 49, 336480359, 761, 1, 3257, 9:1:80, 21:27:46.140, 0,  0.00000,    0.00000, 0, -101, 4.2, 0.529, 3, 164
2019-02-11 16:20:09.496436, , rf>11, 50, 248011755, 267, 1, 4297, 11:2:19, 16:20:2.153, 0,  0.00000,    0.00000, 0, -80, 4.2, 0.387, 3, 164
2019-02-11 16:20:09.997849, , rf>12, 50, 336483780, 403, 1, 3521, 9:1:80, 21:27:50.565, 0,  0.00000,    0.00000, 0, -100, 4.2, 0.438, 3, 164
2019-02-11 16:20:13.211770, , rf>11, 51, 248016216, 228, 1, 3570, 11:2:19, 16:20:7.624, 0,  0.00000,    0.00000, 0, -81, 4.2, 0.425, 3, 164
2019-02-11 16:20:14.309855, , rf>12, 51, 336487890, 274, 1, 4123, 9:1:80, 21:27:54.676, 0,  0.00000,    0.00000, 0, -101, 4.2, 0.616, 3, 589
2019-02-11 16:20:17.367460, , rf>11, 52, 248019950, 227, 1, 3975, 11:2:19, 16:20:11.353, 0,  0.00000,    0.00000, 0, -81, 4.2, 0.416, 3, 164
2019-02-11 16:20:19.171085, , rf>12, 52, 336492177, 424, 1, 4699, 9:1:80, 21:27:58.970, 0,  0.00000,    0.00000, 0, -102, 4.2, 0.609, 3, 164
2019-02-11 16:20:22.196920, , rf>11, 53, 248024089, 277, 1, 4665, 11:2:19, 16:20:15.494, 0,  0.00000,    0.00000, 0, -81, 4.2, 0.445, 3, 164
2019-02-11 16:20:23.577332, , rf>12, 53, 336497040, 585, 1, 4222, 9:1:80, 21:28:3.844, 0,  0.00000,    0.00000, 0, -99, 4.2, 0.461, 3, 164
2019-02-11 16:20:26.839078, , rf>11, 54, 248028918, 199, 1, 4489, 11:2:19, 16:20:20.318, 0,  0.00000,    0.00000, 0, -81, 4.2, 0.590, 3, 164
2019-02-11 16:20:28.014651, , rf>12, 54, 336501426, 422, 1, 4287, 9:1:80, 21:28:8.225, 0,  0.00000,    0.00000, 0, -99, 4.2, 0.451, 3, 164
2019-02-11 16:20:30.429631, , rf>11, 55, 248033571, 251, 1, 3415, 11:2:19, 16:20:24.980, 0,  0.00000,    0.00000, 0, -82, 4.2, 0.442, 3, 164
2019-02-11 16:20:32.764758, , rf>12, 55, 336505877, 718, 1, 4600, 9:1:80, 21:28:12.678, 0,  0.00000,    0.00000, 0, -101, 4.2, 0.564, 3, 164
2019-02-11 16:20:33.753097, , rf>11, 56, 248037150, 370, 1, 3165, 11:2:19, 16:20:28.561, 0,  0.00000,    0.00000, 0, -80, 4.2, 0.374, 3, 164
2019-02-11 16:20:37.281499, , rf>11, 57, 248040479, 388, 1, 3347, 11:2:19, 16:20:31.881, 0,  0.00000,    0.00000, 0, -81, 4.2, 0.419, 3, 164
2019-02-11 16:20:37.799245, , rf>12, 56, 336510641, 359, 1, 4397, 9:1:80, 21:28:17.454, 0,  0.00000,    0.00000, 0, -101, 4.2, 0.712, 3, 164
2019-02-11 16:20:40.729990, , rf>11, 58, 248043990, 704, 1, 3272, 11:2:19, 16:20:35.396, 0,  0.00000,    0.00000, 0, -81, 4.2, 0.432, 3, 164
2019-02-11 16:20:41.548567, , rf>12, 57, 336515620, 355, 1, 3599, 9:1:80, 21:28:21.436, 0,  0.00000,    0.00000, 0, -101, 4.2, 0.500, 3, 582
2019-02-11 16:20:44.352643, , rf>11, 59, 248047426, 280, 1, 3458, 11:2:19, 16:20:38.826, 0,  0.00000,    0.00000, 0, -80, 4.2, 0.383, 3, 164
2019-02-11 16:20:46.281895, , rf>12, 58, 336519383, 322, 1, 4566, 9:1:80, 21:28:26.195, 0,  0.00000,    0.00000, 0, -99, 4.2, 0.554, 3, 164
2019-02-11 16:20:48.742923, , rf>11, 60, 248051048, 348, 1, 4244, 11:2:19, 16:20:42.456, 0,  0.00000,    0.00000, 0, -80, 4.2, 0.371, 3, 164
2019-02-11 16:20:51.376505, , rf>12, 59, 336524113, 901, 1, 4462, 9:1:80, 21:28:30.927, 0,  0.00000,    0.00000, 0, -101, 4.2, 0.567, 3, 164
2019-02-11 16:20:53.808339, , rf>11, 61, 248055456, 208, 1, 4901, 11:2:19, 16:20:46.876, 0,  0.00000,    0.00000, 0, -81, 4.2, 0.396, 3, 164
2019-02-11 16:20:55.236012, , rf>12, 60, 336529228, 446, 1, 3696, 9:1:80, 21:28:35.52, 0,  0.00000,    0.00000, 0, -100, 4.2, 0.493, 3, 653
2019-02-11 16:20:57.069266, , rf>11, 62, 248060521, 323, 1, 3087, 11:2:19, 16:20:51.945, 0,  0.00000,    0.00000, 0, -81, 4.2, 0.477, 3, 164
2019-02-11 16:21:00.143490, , rf>12, 61, 336533088, 372, 1, 4737, 9:1:80, 21:28:39.897, 0,  0.00000,    0.00000, 0, -101, 4.2, 0.477, 3, 164
2019-02-11 16:21:01.724263, , rf>11, 63, 248063772, 288, 1, 4494, 11:2:19, 16:20:55.197, 0,  0.00000,    0.00000, 0, -81, 4.2, 0.487, 3, 164
2019-02-11 16:21:05.221538, , rf>12, 62, 336537989, 350, 1, 4929, 9:1:80, 21:28:44.810, 0,  0.00000,    0.00000, 0, -100, 4.2, 0.500, 3, 164
2019-02-11 16:21:06.210649, , rf>11, 64, 248068430, 186, 1, 4339, 11:2:19, 16:20:59.851, 0,  0.00000,    0.00000, 0, -80, 4.2, 0.432, 3, 164
2019-02-11 16:21:09.001601, , rf>12, 63, 336543082, 372, 1, 3591, 9:1:80, 21:28:49.895, 0,  0.00000,    0.00000, 0, -100, 4.2, 0.690, 3, 164
2019-02-11 16:21:10.945775, , rf>11, 65, 248072933, 241, 1, 4552, 11:2:19, 16:21:4.355, 0,  0.00000,    0.00000, 0, -81, 4.2, 0.464, 3, 164
2019-02-11 16:21:14.096620, , rf>12, 64, 336546837, 570, 1, 4922, 9:1:80, 21:28:53.662, 0,  0.00000,    0.00000, 0, -98, 4.2, 0.558, 3, 164
2019-02-11 16:21:14.473410, , rf>11, 66, 248077649, 206, 1, 3356, 11:2:19, 16:21:8.74, 0,  0.00000,    0.00000, 0, -80, 4.2, 0.545, 3, 164
2019-02-11 16:21:18.455506, , rf>12, 65, 336551923, 327, 1, 4189, 9:1:80, 21:28:58.740, 0,  0.00000,    0.00000, 0, -101, 4.2, 0.461, 3, 164
2019-02-11 16:21:19.049463, , rf>11, 67, 248081169, 249, 1, 4390, 11:2:19, 16:21:12.601, 0,  0.00000,    0.00000, 0, -81, 4.2, 0.442, 3, 164
2019-02-11 16:21:23.034455, , rf>12, 66, 336556276, 452, 1, 4438, 9:1:80, 21:29:2.114, 0,  0.00000,    0.00000, 0, -100, 4.2, 0.545, 3, 164
2019-02-11 16:21:23.662474, , rf>11, 68, 248085723, 241, 1, 4463, 11:2:19, 16:21:16.150, 0,  0.00000,    0.00000, 0, -82, 4.2, 0.451, 3, 164
2019-02-11 16:21:26.296142, , rf>12, 67, 336560878, 788, 1, 3091, 9:1:80, 21:29:7.709, 0,  0.00000,    0.00000, 0, -99, 4.2, 0.648, 3, 164
2019-02-11 16:21:26.891750, , rf>11, 69, 248090350, 209, 1, 3063, 11:2:19, 16:21:21.786, 0,  0.00000,    0.00000, 0, -82, 4.2, 0.496, 3, 164
2019-02-11 16:21:29.778123, , rf>12, 68, 336564133, 327, 1, 3326, 9:1:80, 21:29:10.954, 0,  0.00000,    0.00000, 0, -101, 4.2, 0.574, 3, 164
2019-02-11 16:21:31.187836, , rf>11, 70, 248093577, 225, 1, 4149, 11:2:19, 16:21:24.15, 0,  0.00000,    0.00000, 0, -81, 4.2, 0.529, 3, 164
2019-02-11 16:21:34.919556, , rf>12, 69, 336567623, 1542, 1, 4978, 9:1:80, 21:29:14.447, 0,  0.00000,    0.00000, 0, -98, 4.2, 0.612, 3, 164
2019-02-11 16:21:35.641096, , rf>11, 71, 248097890, 205, 1, 4273, 11:2:19, 16:21:29.331, 0,  0.00000,    0.00000, 0, -82, 4.2, 0.412, 3, 164
2019-02-11 16:21:39.074623, , rf>11, 72, 248102327, 301, 1, 3276, 11:2:19, 16:21:33.772, 0,  0.00000,    0.00000, 0, -82, 4.2, 0.390, 3, 164
2019-02-11 16:21:39.766409, , rf>12, 70, 336572765, 324, 1, 4654, 9:1:80, 21:29:19.602, 0,  0.00000,    0.00000, 0, -97, 4.2, 0.442, 3, 164
2019-02-11 16:21:42.916784, , rf>12, 71, 336577583, 408, 1, 3000, 9:1:80, 21:29:24.412, 0,  0.00000,    0.00000, 0, -96, 4.2, 0.490, 3, 164
2019-02-11 16:21:44.000663, , rf>11, 73, 248105767, 246, 1, 4768, 11:2:19, 16:21:37.202, 0,  0.00000,    0.00000, 0, -79, 4.2, 0.396, 3, 164
2019-02-11 16:21:48.075640, , rf>12, 72, 336580747, -1, 0, 4995, 9:1:80, 21:29:27.578, 0,  0.00000,    0.00000, 0, -98, 4.2, 0.525, 3, 164
2019-02-11 16:21:48.622968, , rf>11, 74, 248110699, 255, 1, 4454, 11:2:19, 16:21:41.147, 0,  0.00000,    0.00000, 0, -81, 4.2, 0.496, 3, 164
2019-02-11 16:21:52.199049, , rf>12, 73, 336585906, 308, 1, 3947, 9:1:80, 21:29:32.749, 0,  0.00000,    0.00000, 0, -96, 4.2, 0.612, 3, 164
2019-02-11 16:21:52.810747, , rf>11, 75, 248115317, 294, 1, 4023, 11:2:19, 16:21:46.766, 0,  0.00000,    0.00000, 0, -81, 4.2, 0.477, 3, 164
2019-02-11 16:21:56.433217, , rf>12, 74, 336590017, 369, 1, 4086, 9:1:80, 21:29:36.861, 0,  0.00000,    0.00000, 0, -100, 4.2, 0.628, 3, 164
2019-02-11 16:21:57.498605, , rf>11, 76, 248119504, 209, 1, 4523, 11:2:19, 16:21:50.954, 0,  0.00000,    0.00000, 0, -82, 4.2, 0.548, 3, 164
2019-02-11 16:21:59.993746, , rf>12, 75, 336594267, 310, 1, 3389, 9:1:80, 21:29:40.121, 0,  0.00000,    0.00000, 0, -98, 4.2, 0.535, 3, 164
2019-02-11 16:22:02.171834, , rf>11, 77, 248124191, 259, 1, 4506, 11:2:19, 16:21:55.634, 0,  0.00000,    0.00000, 0, -82, 4.2, 0.435, 3, 164
2019-02-11 16:22:03.269492, , rf>12, 76, 336597820, 689, 2, 3092, 9:1:80, 21:29:44.658, 0,  0.00000,    0.00000, 0, -99, 4.2, 0.493, 3, 164
2019-02-11 16:22:06.640218, , rf>11, 78, 248128861, 233, 1, 4288, 11:2:19, 16:22:0.316, 0,  0.00000,    0.00000, 0, -81, 4.2, 0.487, 3, 164
2019-02-11 16:22:07.299943, , rf>12, 77, 336601076, 606, 1, 3862, 9:1:80, 21:29:47.927, 0,  0.00000,    0.00000, 0, -98, 4.2, 0.677, 3, 164
2019-02-11 16:22:10.748515, , rf>12, 78, 336605102, 935, 1, 3305, 9:1:80, 21:29:51.954, 0,  0.00000,    0.00000, 0, -98, 4.2, 0.480, 3, 164
2019-02-11 16:22:11.313256, , rf>11, 79, 248133313, 280, 1, 4499, 11:2:19, 16:22:4.770, 0,  0.00000,    0.00000, 0, -81, 4.2, 0.406, 3, 164
2019-02-11 16:22:15.137682, , rf>12, 79, 336608571, 445, 1, 4214, 9:1:80, 21:29:55.424, 0,  0.00000,    0.00000, 0, -99, 4.2, 0.512, 3, 164
2019-02-11 16:22:16.316289, , rf>11, 80, 248137976, 258, 1, 4848, 11:2:19, 16:22:9.436, 0,  0.00000,    0.00000, 0, -81, 4.2, 0.416, 3, 164
2019-02-11 16:22:20.205698, , rf>12, 80, 336612949, 338, 1, 4200, 9:1:80, 21:29:59.803, 0,  0.00000,    0.00000, 0, -99, 4.2, 0.496, 3, 164
2019-02-11 16:22:20.361920, , rf>11, 81, 248142988, 220, 1, 3036, 11:2:19, 16:22:14.451, 0,  0.00000,    0.00000, 0, -81, 4.2, 0.396, 3, 164
2019-02-11 16:22:24.029137, , rf>12, 81, 336618001, 322, 1, 3679, 9:1:80, 21:30:3.82, 0,  0.00000,    0.00000, 0, -97, 4.2, 0.000, 3, 852
2019-02-11 16:22:24.939281, , rf>11, 82, 248147021, 271, 1, 4420, 11:2:19, 16:22:17.475, 0,  0.00000,    0.00000, 0, -81, 4.2, 0.474, 3, 997
2019-02-11 16:22:27.855121, , rf>12, 82, 336621844, 378, 1, 3626, 9:1:80, 21:30:8.712, 0,  0.00000,    0.00000, 0, -99, 4.2, 0.619, 3, 164
2019-02-11 16:22:29.391513, , rf>11, 83, 248151605, 227, 1, 4279, 11:2:19, 16:22:22.73, 0,  0.00000,    0.00000, 0, -81, 4.2, 0.477, 3, 164
2019-02-11 16:22:32.731205, , rf>12, 83, 336625634, 473, 1, 4737, 9:1:80, 21:30:12.721, 0,  0.00000,    0.00000, 0, -99, 4.2, 0.616, 3, 164
2019-02-11 16:22:34.002192, , rf>11, 84, 248156048, 594, 1, 4449, 11:2:19, 16:22:27.526, 0,  0.00000,    0.00000, 0, -81, 4.2, 0.406, 3, 164
2019-02-11 16:22:36.557697, , rf>12, 84, 336630535, 320, 1, 3668, 9:1:80, 21:30:17.400, 0,  0.00000,    0.00000, 0, -98, 4.2, 0.493, 3, 164
2019-02-11 16:22:37.874472, , rf>11, 85, 248160661, 219, 1, 3704, 11:2:19, 16:22:31.134, 0,  0.00000,    0.00000, 0, -80, 4.2, 0.377, 3, 164
2019-02-11 16:22:40.128778, , rf>12, 85, 336634367, 379, 1, 3401, 9:1:80, 21:30:21.234, 0,  0.00000,    0.00000, 0, -99, 4.2, 0.506, 3, 164
2019-02-11 16:22:41.151600, , rf>11, 86, 248164529, 244, 1, 3108, 11:2:19, 16:22:35.4, 0,  0.00000,    0.00000, 0, -81, 4.2, 0.451, 3, 164
2019-02-11 16:22:43.348047, , rf>12, 86, 336637932, 648, 1, 3048, 9:1:80, 21:30:24.791, 0,  0.00000,    0.00000, 0, -99, 4.2, 0.487, 3, 164
2019-02-11 16:22:44.758357, , rf>11, 87, 248167801, 227, 1, 3454, 11:2:19, 16:22:39.270, 0,  0.00000,    0.00000, 0, -81, 4.2, 0.454, 3, 164
2019-02-11 16:22:46.609264, , rf>12, 87, 336641144, 523, 1, 3108, 9:1:80, 21:30:27.13, 0,  0.00000,    0.00000, 0, -98, 4.2, 0.635, 3, 164
2019-02-11 16:22:48.505077, , rf>11, 88, 248171419, 148, 1, 3581, 11:2:19, 16:22:42.901, 0,  0.00000,    0.00000, 0, -81, 4.2, 0.516, 3, 164
2019-02-11 16:22:51.594965, , rf>12, 88, 336644416, -1, 0, 4799, 9:1:80, 21:30:31.288, 0,  0.00000,    0.00000, 0, -96, 4.2, 0.574, 3, 164
2019-02-11 16:22:51.925962, , rf>11, 89, 248175164, 267, 1, 3235, 11:2:19, 16:22:46.649, 0,  0.00000,    0.00000, 0, -81, 4.2, 0.419, 3, 164
2019-02-11 16:22:55.530928, , rf>11, 90, 248178563, 246, 1, 3448, 11:2:19, 16:22:49.37, 0,  0.00000,    0.00000, 0, -81, 4.2, 0.438, 3, 164
2019-02-11 16:22:56.614279, , rf>12, 89, 336649379, 403, 1, 4873, 9:1:80, 21:30:36.243, 0,  0.00000,    0.00000, 0, -99, 4.2, 0.445, 3, 164
2019-02-11 16:23:00.377045, , rf>11, 91, 248182175, 163, 1, 4672, 11:2:19, 16:22:53.663, 0,  0.00000,    0.00000, 0, -82, 4.2, 0.393, 3, 164
2019-02-11 16:23:01.160473, , rf>12, 90, 336654416, 2208, 1, 4383, 9:1:80, 21:30:41.294, 0,  0.00000,    0.00000, 0, -100, 4.2, 0.519, 3, 164
2019-02-11 16:23:04.656566, , rf>11, 92, 248187011, 184, 1, 4129, 11:2:19, 16:22:58.502, 0,  0.00000,    0.00000, 0, -81, 4.2, 0.522, 3, 164
2019-02-11 16:23:05.580996, , rf>12, 91, 336658963, 479, 1, 4237, 9:1:80, 21:30:45.832, 0,  0.00000,    0.00000, 0, -99, 4.2, 0.603, 3, 164
2019-02-11 16:23:09.313833, , rf>11, 93, 248191304, 215, 1, 4486, 11:2:19, 16:23:2.788, 0,  0.00000,    0.00000, 0, -81, 4.2, 0.654, 3, 164
2019-02-11 16:23:10.112644, , rf>12, 92, 336663364, 932, 1, 4373, 9:1:80, 21:30:50.245, 0,  0.00000,    0.00000, 0, -98, 4.2, 0.438, 3, 164
2019-02-11 16:23:13.420784, , rf>11, 94, 248195954, 194, 1, 3945, 11:2:19, 16:23:7.443, 0,  0.00000,    0.00000, 0, -81, 4.2, 0.670, 3, 164
2019-02-11 16:23:13.906197, , rf>12, 93, 336667901, 268, 1, 3610, 9:1:80, 21:30:54.784, 0,  0.00000,    0.00000, 0, -97, 4.2, 0.461, 3, 164
2019-02-11 16:23:17.560314, , rf>12, 94, 336671675, 246, 1, 3508, 9:1:80, 21:30:58.560, 0,  0.00000,    0.00000, 0, -96, 4.2, 0.493, 3, 164
2019-02-11 16:23:18.187901, , rf>11, 95, 248200063, 269, 1, 4590, 11:2:19, 16:23:11.563, 0,  0.00000,    0.00000, 0, -81, 4.2, 0.454, 3, 164
2019-02-11 16:23:21.730855, , rf>11, 96, 248204817, 212, 1, 3375, 11:2:19, 16:23:16.322, 0,  0.00000,    0.00000, 0, -79, 4.2, 0.458, 3, 164
2019-02-11 16:23:22.201547, , rf>12, 95, 336675347, 319, 1, 4029, 9:1:80, 21:31:2.234, 0,  0.00000,    0.00000, 0, -97, 4.2, 0.516, 3, 164
2019-02-11 16:23:26.451417, , rf>11, 97, 248208356, 225, 1, 4570, 11:2:19, 16:23:19.870, 0,  0.00000,    0.00000, 0, -81, 4.2, 0.487, 3, 164
2019-02-11 16:23:26.891972, , rf>12, 96, 336679994, 316, 1, 4499, 9:1:80, 21:31:6.873, 0,  0.00000,    0.00000, 0, -96, 4.2, 0.686, 3, 618
2019-02-11 16:23:30.591445, , rf>11, 98, 248213090, 217, 1, 3972, 11:2:19, 16:23:24.591, 0,  0.00000,    0.00000, 0, -81, 4.2, 0.477, 3, 164
2019-02-11 16:23:30.919490, , rf>12, 97, 336684657, 742, 1, 3860, 9:1:80, 21:31:11.547, 0,  0.00000,    0.00000, 0, -96, 4.2, 0.477, 3, 164
2019-02-11 16:23:35.483715, , rf>12, 98, 336688681, 420, 1, 3209, 9:1:80, 21:31:15.964, 0,  0.00000,    0.00000, 0, -95, 4.2, 0.000, 3, 164
2019-02-11 16:23:40.093591, , rf>11, 100, 248222535, 218, 1, 3988, 11:2:19, 16:23:32.31, 0,  0.00000,    0.00000, 0, -81, 4.2, 0.425, 3, 1710
2019-02-11 16:23:40.907638, , rf>12, 99, 336693259, 356, 1, 4890, 9:1:80, 21:31:18.491, 0,  0.00000,    0.00000, 0, -95, 4.2, 0.000, 3, 1369
2019-02-11 16:23:45.032498, , rf>11, 101, 248226687, 361, 1, 4809, 11:2:19, 16:23:38.197, 0,  0.00000,    0.00000, 0, -82, 4.2, 0.442, 3, 164
2019-02-11 16:23:45.815131, , rf>12, 100, 336698664, 20, 1, 4742, 9:1:80, 21:31:25.556, 0,  0.00000,    0.00000, 0, -97, 4.2, 0.000, 3, 515
2019-02-11 16:23:48.309308, , rf>11, 102, 248231660, 186, 1, 3093, 11:2:19, 16:23:42.163, 0,  0.00000,    0.00000, 0, -80, 4.2, 0.409, 3, 164
2019-02-11 16:23:49.705028, , rf>12, 101, 336703570, 384, 1, 3740, 9:1:80, 21:31:30.476, 0,  0.00000,    0.00000, 0, -98, 4.2, 0.512, 3, 164
2019-02-11 16:23:52.667134, , rf>11, 103, 248234917, 324, 1, 4209, 11:2:19, 16:23:46.438, 0,  0.00000,    0.00000, 0, -82, 4.2, 0.396, 3, 164
2019-02-11 16:23:54.377352, , rf>12, 102, 336707474, 491, 1, 4496, 9:1:80, 21:31:34.382, 0,  0.00000,    0.00000, 0, -95, 4.2, 0.490, 3, 164
2019-02-11 16:23:56.713066, , rf>11, 104, 248239290, 182, 1, 3878, 11:2:19, 16:23:50.796, 0,  0.00000,    0.00000, 0, -81, 4.2, 0.374, 3, 164
2019-02-11 16:23:59.331637, , rf>12, 103, 336712134, 277, 1, 4786, 9:1:80, 21:31:38.46, 0,  0.00000,    0.00000, 0, -96, 4.2, 0.538, 3, 164
2019-02-11 16:24:01.527701, , rf>11, 105, 248243332, 231, 1, 4644, 11:2:19, 16:23:54.851, 0,  0.00000,    0.00000, 0, -80, 4.2, 0.393, 3, 164
2019-02-11 16:24:02.640163, , rf>12, 104, 336717084, 902, 1, 3139, 9:1:80, 21:31:43.989, 0,  0.00000,    0.00000, 0, -96, 4.2, 0.496, 3, 164
2019-02-11 16:24:06.184358, , rf>11, 106, 248248140, 213, 1, 4473, 11:2:19, 16:23:59.668, 0,  0.00000,    0.00000, 0, -80, 4.2, 0.500, 3, 164
2019-02-11 16:24:07.344267, , rf>12, 105, 336720387, 800, 1, 4548, 9:1:80, 21:31:47.295, 0,  0.00000,    0.00000, 0, -95, 4.2, 0.429, 3, 164
2019-02-11 16:24:09.508878, , rf>11, 107, 248252777, 243, 1, 3177, 11:2:19, 16:24:4.307, 0,  0.00000,    0.00000, 0, -80, 4.2, 0.458, 3, 164
2019-02-11 16:24:10.652070, , rf>12, 106, 336725099, 302, 1, 3135, 9:1:80, 21:31:51.10, 0,  0.00000,    0.00000, 0, -95, 4.2, 0.419, 3, 164
2019-02-11 16:24:14.166875, , rf>12, 107, 336728398, 591, 1, 3349, 9:1:80, 21:31:55.331, 0,  0.00000,    0.00000, 0, -99, 4.2, 0.474, 3, 164
2019-02-11 16:24:14.558985, , rf>11, 108, 248256118, 236, 1, 4889, 11:2:19, 16:24:7.649, 0,  0.00000,    0.00000, 0, -80, 4.2, 0.609, 3, 164
2019-02-11 16:24:17.818853, , rf>11, 109, 248261171, 250, 1, 3091, 11:2:19, 16:24:12.704, 0,  0.00000,    0.00000, 0, -80, 4.2, 0.487, 3, 164
2019-02-11 16:24:19.041842, , rf>12, 108, 336731911, 256, 1, 4694, 9:1:80, 21:31:58.836, 0,  0.00000,    0.00000, 0, -96, 4.2, 0.474, 3, 164
2019-02-11 16:24:21.314269, , rf>11, 110, 248264426, 252, 1, 3326, 11:2:19, 16:24:15.961, 0,  0.00000,    0.00000, 0, -80, 4.2, 0.419, 3, 164
2019-02-11 16:24:22.476990, , rf>12, 109, 336736769, 310, 1, 3276, 9:1:80, 21:32:3.705, 0,  0.00000,    0.00000, 0, -95, 4.2, 0.467, 3, 164
2019-02-11 16:24:26.458253, , rf>11, 111, 248267916, 221, 1, 4978, 11:2:19, 16:24:19.443, 0,  0.00000,    0.00000, 0, -81, 4.2, 0.583, 3, 164
2019-02-11 16:24:26.990597, , rf>12, 110, 336740209, 287, 1, 4366, 9:1:80, 21:32:6.138, 0,  0.00000,    0.00000, 0, -98, 4.2, 0.590, 3, 164
2019-02-11 16:24:31.162587, , rf>12, 111, 336744739, 360, 1, 4009, 9:1:80, 21:32:11.660, 0,  0.00000,    0.00000, 0, -98, 4.2, 0.558, 3, 164
2019-02-11 16:24:31.570932, , rf>11, 112, 248273058, 196, 1, 4654, 11:2:19, 16:24:24.597, 0,  0.00000,    0.00000, 0, -92, 4.2, 0.467, 3, 164
2019-02-11 16:24:35.473831, , rf>11, 113, 248278178, 209, 1, 3719, 11:2:19, 16:24:29.720, 0,  0.00000,    0.00000, 0, -80, 4.2, 0.390, 3, 466
2019-02-11 16:24:36.008340, , rf>12, 112, 336749985, 1446, 1, 3605, 9:1:80, 21:32:15.907, 0,  0.00000,    0.00000, 0, -99, 4.2, 0.577, 3, 1237
2019-02-11 16:24:38.688372, , rf>11, 114, 248282061, 364, 1, 3063, 11:2:19, 16:24:33.607, 0,  0.00000,    0.00000, 0, -80, 4.2, 0.558, 3, 164
2019-02-11 16:24:40.555087, , rf>12, 113, 336753754, 136, 1, 4380, 9:1:80, 21:32:20.691, 0,  0.00000,    0.00000, 0, -99, 4.2, 0.451, 3, 164
2019-02-11 16:24:43.408332, , rf>11, 115, 248285288, 274, 1, 4513, 11:2:19, 16:24:36.825, 0,  0.00000,    0.00000, 0, -80, 4.2, 0.548, 3, 164
2019-02-11 16:24:45.227743, , rf>12, 114, 336758298, 672, 1, 4496, 9:1:80, 21:32:25.246, 0,  0.00000,    0.00000, 0, -97, 4.2, 0.535, 3, 164
2019-02-11 16:24:47.563386, , rf>11, 116, 248289965, 336, 1, 4020, 11:2:19, 16:24:41.516, 0,  0.00000,    0.00000, 0, -81, 4.2, 0.461, 3, 164
2019-02-11 16:24:49.038520, , rf>12, 115, 336762958, 357, 1, 3656, 9:1:80, 21:32:29.908, 0,  0.00000,    0.00000, 0, -98, 4.2, 0.667, 3, 164
2019-02-11 16:24:50.808763, , rf>11, 117, 248294149, 310, 1, 3092, 11:2:19, 16:24:45.701, 0,  0.00000,    0.00000, 0, -80, 4.2, 0.477, 3, 164
2019-02-11 16:24:52.329692, , rf>12, 116, 336766778, 363, 1, 3110, 9:1:80, 21:32:33.730, 0,  0.00000,    0.00000, 0, -97, 4.2, 0.712, 3, 164
2019-02-11 16:24:54.840190, , rf>11, 118, 248297405, 255, 1, 3862, 11:2:19, 16:24:48.966, 0,  0.00000,    0.00000, 0, -80, 4.2, 0.367, 3, 164
2019-02-11 16:24:55.512922, , rf>12, 117, 336770052, 350, 1, 3033, 9:1:80, 21:32:36.997, 0,  0.00000,    0.00000, 0, -97, 4.2, 0.667, 3, 164
2019-02-11 16:24:58.727877, , rf>11, 119, 248301431, 192, 1, 3305, 11:2:19, 16:24:52.995, 0,  0.00000,    0.00000, 0, -79, 4.2, 0.493, 3, 164
2019-02-11 16:25:00.466810, , rf>12, 118, 336773249, 309, 1, 4779, 9:1:80, 21:32:40.197, 0,  0.00000,    0.00000, 0, -98, 4.2, 0.622, 3, 164
2019-02-11 16:25:02.188741, , rf>11, 120, 248305296, 198, 1, 3278, 11:2:19, 16:24:56.855, 0,  0.00000,    0.00000, 0, -80, 4.2, 0.416, 3, 560
2019-02-11 16:25:05.062175, , rf>12, 119, 336778192, 283, 2, 4413, 9:1:80, 21:32:44.143, 0,  0.00000,    0.00000, 0, -99, 4.2, 0.500, 3, 164
2019-02-11 16:25:06.520269, , rf>11, 121, 248308738, 195, 1, 4200, 11:2:19, 16:25:0.300, 0,  0.00000,    0.00000, 0, -80, 4.2, 0.522, 3, 164
2019-02-11 16:25:08.762207, , rf>12, 120, 336782769, 299, 1, 3558, 9:1:80, 21:32:49.711, 0,  0.00000,    0.00000, 0, -101, 4.2, 0.422, 3, 164
2019-02-11 16:25:10.393492, , rf>11, 122, 248313102, 198, 1, 3689, 11:2:19, 16:25:4.664, 0,  0.00000,    0.00000, 0, -80, 4.2, 0.419, 3, 164
2019-02-11 16:25:13.702165, , rf>12, 121, 336786491, 1782, 1, 4765, 9:1:80, 21:32:53.436, 0,  0.00000,    0.00000, 0, -97, 4.2, 0.487, 3, 164
2019-02-11 16:25:14.627366, , rf>11, 123, 248316955, 217, 1, 4071, 11:2:19, 16:25:8.521, 0,  0.00000,    0.00000, 0, -80, 4.2, 0.696, 3, 164
2019-02-11 16:25:17.057832, , rf>12, 122, 336791420, 323, 1, 3178, 9:1:80, 21:32:58.378, 0,  0.00000,    0.00000, 0, -100, 4.2, 0.732, 3, 164
2019-02-11 16:25:19.174802, , rf>11, 124, 248321190, 204, 1, 4389, 11:2:19, 16:25:12.758, 0,  0.00000,    0.00000, 0, -81, 4.2, 0.928, 3, 164
2019-02-11 16:25:20.774856, , rf>12, 123, 336794762, 479, 1, 3571, 9:1:80, 21:33:1.711, 0,  0.00000,    0.00000, 0, -100, 4.2, 0.867, 3, 164
2019-02-11 16:25:23.047518, , rf>11, 125, 248325743, 197, 1, 3714, 11:2:19, 16:25:17.312, 0,  0.00000,    0.00000, 0, -80, 4.2, 0.980, 3, 164
2019-02-11 16:25:24.019847, , rf>12, 124, 336798497, 2606, 1, 3068, 9:1:80, 21:33:5.448, 0,  0.00000,    0.00000, 0, -95, 4.2, 0.532, 3, 164
2019-02-11 16:25:26.889096, , rf>11, 126, 248329621, 285, 1, 3668, 11:2:19, 16:25:21.20, 0,  0.00000,    0.00000, 0, -80, 4.2, 0.754, 3, 164
2019-02-11 16:25:28.440584, , rf>12, 125, 336801729, 308, 1, 4255, 9:1:80, 21:33:8.692, 0,  0.00000,    0.00000, 0, -93, 4.2, 0.377, 3, 164
2019-02-11 16:25:30.463526, , rf>11, 127, 248333453, 260, 1, 3401, 11:2:19, 16:25:24.16, 0,  0.00000,    0.00000, 0, -80, 4.2, 0.625, 3, 164
2019-02-11 16:25:31.984233, , rf>12, 126, 336806148, 523, 2, 3362, 9:1:80, 21:33:12.113, 0,  0.00000,    0.00000, 0, -95, 4.2, 0.512, 3, 164
2019-02-11 16:25:33.678367, , rf>11, 128, 248337018, 220, 1, 3048, 11:2:19, 16:25:28.586, 0,  0.00000,    0.00000, 0, -80, 4.2, 0.448, 3, 164
2019-02-11 16:25:35.794083, , rf>12, 127, 336809674, 430, 1, 3668, 9:1:80, 21:33:16.642, 0,  0.00000,    0.00000, 0, -96, 4.2, 0.500, 3, 164
2019-02-11 16:25:36.954744, , rf>11, 129, 248340230, 468, 1, 3108, 11:2:19, 16:25:31.800, 0,  0.00000,    0.00000, 0, -80, 4.2, 0.500, 3, 164
2019-02-11 16:25:40.856423, , rf>12, 128, 336813506, 346, 1, 4880, 9:1:80, 21:33:20.476, 0,  0.00000,    0.00000, 0, -95, 4.2, 0.757, 3, 164
2019-02-11 16:25:41.923976, , rf>11, 130, 248343502, 293, 1, 4799, 11:2:19, 16:25:34.75, 0,  0.00000,    0.00000, 0, -80, 4.2, 0.599, 3, 164
2019-02-11 16:25:45.344334, , rf>11, 131, 248348465, 237, 1, 3282, 11:2:19, 16:25:39.47, 0,  0.00000,    0.00000, 0, -80, 4.2, 0.461, 3, 164
2019-02-11 16:25:46.896855, , rf>12, 129, 336818550, 285, 2, 4770, 9:1:80, 21:33:25.512, 0,  0.00000,    0.00000, 0, -95, 4.2, 0.506, 3, 164
2019-02-11 16:25:50.017031, , rf>11, 132, 248351911, 304, 1, 4034, 11:2:19, 16:25:43.484, 0,  0.00000,    0.00000, 0, -80, 4.2, 0.490, 3, 164
2019-02-11 16:25:50.613739, , rf>12, 130, 336824595, 303, 1, 3549, 9:1:80, 21:33:30.570, 0,  0.00000,    0.00000, 0, -95, 4.2, 0.412, 3, 1275
2019-02-11 16:25:54.516021, , rf>12, 131, 336828308, 402, 1, 3708, 9:1:80, 21:33:35.278, 0,  0.00000,    0.00000, 0, -95, 4.2, 0.487, 3, 164
2019-02-11 16:25:54.940213, , rf>11, 133, 248356574, 274, 1, 4745, 11:2:19, 16:25:47.158, 0,  0.00000,    0.00000, 0, -80, 4.2, 0.483, 3, 629
2019-02-11 16:25:59.080064, , rf>12, 132, 336832180, 582, 2, 4425, 9:1:80, 21:33:38.162, 0,  0.00000,    0.00000, 0, -95, 4.2, 0.509, 3, 164
2019-02-11 16:25:59.799378, , rf>11, 134, 248361483, 232, 1, 4710, 11:2:19, 16:25:52.63, 0,  0.00000,    0.00000, 0, -79, 4.2, 0.680, 3, 164
2019-02-11 16:26:03.172252, , rf>12, 133, 336836769, 281, 1, 3936, 9:1:80, 21:33:43.761, 0,  0.00000,    0.00000, 0, -95, 4.2, 0.590, 3, 164
2019-02-11 16:26:03.453401, , rf>11, 135, 248366357, 208, 1, 3478, 11:2:19, 16:25:57.936, 0,  0.00000,    0.00000, 0, -79, 4.2, 0.445, 3, 164
2019-02-11 16:26:06.450287, , rf>12, 134, 336840869, 386, 1, 3086, 9:1:80, 21:33:47.844, 0,  0.00000,    0.00000, 0, -95, 4.2, 0.641, 3, 164
2019-02-11 16:26:06.840336, , rf>11, 136, 248369999, 343, 1, 3208, 11:2:19, 16:26:1.583, 0,  0.00000,    0.00000, 0, -81, 4.2, 0.532, 3, 164
2019-02-11 16:26:10.336711, , rf>11, 137, 248373371, 325, 1, 3341, 11:2:19, 16:26:4.262, 0,  0.00000,    0.00000, 0, -81, 4.2, 0.000, 3, 164
2019-02-11 16:26:11.107732, , rf>12, 135, 336844119, 372, 4, 4506, 9:1:80, 21:33:50.107, 0,  0.00000,    0.00000, 0, -95, 4.2, 0.548, 3, 164
2019-02-11 16:26:13.613856, , rf>11, 138, 248376876, 138, 1, 3113, 11:2:19, 16:26:8.471, 0,  0.00000,    0.00000, 0, -80, 4.2, 0.458, 3, 164
2019-02-11 16:26:15.026403, , rf>12, 136, 336848789, 296, 1, 3730, 9:1:80, 21:33:55.770, 0,  0.00000,    0.00000, 0, -92, 4.2, 0.577, 3, 164
2019-02-11 16:26:17.376637, , rf>11, 139, 248380153, 186, 1, 3600, 11:2:19, 16:26:11.751, 0,  0.00000,    0.00000, 0, -80, 4.2, 0.503, 3, 164
2019-02-11 16:26:18.789588, , rf>12, 137, 336852683, 413, 1, 3607, 9:1:80, 21:33:59.684, 0,  0.00000,    0.00000, 0, -95, 4.2, 0.471, 3, 164
2019-02-11 16:26:20.967103, , rf>11, 140, 248383917, 168, 1, 3429, 11:2:19, 16:26:15.509, 0,  0.00000,    0.00000, 0, -80, 4.2, 0.461, 3, 164
2019-02-11 16:26:22.738095, , rf>12, 138, 336856454, 409, 1, 3781, 9:1:80, 21:34:3.457, 0,  0.00000,    0.00000, 0, -93, 4.2, 0.496, 3, 164
2019-02-11 16:26:25.327583, , rf>11, 141, 248387510, 167, 1, 4197, 11:2:19, 16:26:18.98, 0,  0.00000,    0.00000, 0, -81, 4.2, 0.422, 3, 164
2019-02-11 16:26:26.894647, , rf>12, 139, 336860399, 468, 1, 3988, 9:1:80, 21:34:7.386, 0,  0.00000,    0.00000, 0, -93, 4.2, 0.487, 3, 164
2019-02-11 16:26:30.108599, , rf>12, 140, 336864551, 553, 1, 3072, 9:1:80, 21:34:11.550, 0,  0.00000,    0.00000, 0, -90, 4.2, 0.458, 3, 164
2019-02-11 16:26:30.329562, , rf>11, 142, 248391871, 174, 1, 4812, 11:2:19, 16:26:23.478, 0,  0.00000,    0.00000, 0, -82, 4.2, 0.748, 3, 164
2019-02-11 16:26:33.874754, , rf>12, 141, 336867787, 1204, 1, 3598, 9:1:80, 21:34:14.777, 0,  0.00000,    0.00000, 0, -93, 4.2, 0.532, 3, 164
2019-02-11 16:26:35.035145, , rf>11, 143, 248396847, 163, 2, 4532, 11:2:19, 16:26:28.448, 0,  0.00000,    0.00000, 0, -81, 4.2, 0.548, 3, 164
2019-02-11 16:26:38.372984, , rf>12, 142, 336871549, 335, 1, 4341, 9:1:80, 21:34:18.550, 0,  0.00000,    0.00000, 0, -93, 4.2, 0.438, 3, 164
2019-02-11 16:26:39.393187, , rf>11, 144, 248401543, 439, 1, 4197, 11:2:19, 16:26:32.159, 0,  0.00000,    0.00000, 0, -82, 4.2, 0.590, 3, 164
2019-02-11 16:26:42.419573, , rf>12, 143, 336876054, 363, 1, 3872, 9:1:80, 21:34:22.58, 0,  0.00000,    0.00000, 0, -93, 4.2, 0.551, 3, 164
2019-02-11 16:26:42.747594, , rf>11, 145, 248405904, 245, 1, 3193, 11:2:19, 16:26:37.512, 0,  0.00000,    0.00000, 0, -82, 4.2, 0.709, 3, 164
2019-02-11 16:26:46.637469, , rf>11, 146, 248409261, 294, 1, 3730, 11:2:19, 16:26:40.881, 0,  0.00000,    0.00000, 0, -81, 4.2, 0.619, 3, 164
2019-02-11 16:26:47.560170, , rf>12, 144, 336880090, 20, 1, 4974, 9:1:80, 21:34:26.97, 0,  0.00000,    0.00000, 0, -95, 4.2, 0.000, 3, 164
2019-02-11 16:26:49.898312, , rf>11, 147, 248413155, 206, 1, 3088, 11:2:19, 16:26:44.778, 0,  0.00000,    0.00000, 0, -81, 4.2, 0.519, 3, 164
2019-02-11 16:26:51.153284, , rf>12, 145, 336885228, 417, 1, 3425, 9:1:80, 21:34:32.237, 0,  0.00000,    0.00000, 0, -93, 4.2, 0.664, 3, 164
2019-02-11 16:26:53.268821, , rf>11, 148, 248416407, 187, 1, 3221, 11:2:19, 16:26:47.40, 0,  0.00000,    0.00000, 0, -81, 4.2, 0.422, 3, 164
