2019-02-11 16:57:49.342833, , rf>11, 1, 250270045, 485, 1, 4939, 11:2:19, 16:57:42.664, 0,  0.00000,    0.00000, 0, -79, 4.2, 1.270, 3, 12806
2019-02-11 16:57:49.673231, , rf>12, 1, 338741196, 926, 1, 4950, 9:1:80, 22:5:28.857, 0,  0.00000,    0.00000, 0, -92, 4.2, 1.018, 3, 12086
2019-02-11 16:57:53.044238, , rf>12, 2, 338746614, -1, 0, 3228, 9:1:80, 22:5:33.323, 0,  0.00000,    0.00000, 0, -93, 4.2, 1.067, 3, 468
2019-02-11 16:57:54.156418, , rf>11, 2, 250275148, 305, 1, 4667, 11:2:19, 16:57:47.460, 0,  0.00000,    0.00000, 0, -79, 4.2, 1.260, 3, 164
2019-02-11 16:57:56.946234, , rf>12, 3, 338750006, 385, 1, 3703, 9:1:80, 22:5:37.718, 0,  0.00000,    0.00000, 0, -95, 4.2, 1.060, 3, 164
2019-02-11 16:57:57.841782, , rf>11, 3, 250279979, 339, 1, 3509, 11:2:19, 16:57:52.297, 0,  0.00000,    0.00000, 0, -79, 4.2, 1.041, 3, 164
2019-02-11 16:58:01.040342, , rf>12, 4, 338753873, 2888, 1, 3941, 9:1:80, 22:5:41.604, 0,  0.00000,    0.00000, 0, -96, 4.2, 1.086, 3, 164
2019-02-11 16:58:02.986129, , rf>11, 4, 250283652, 459, 1, 4975, 11:2:19, 16:57:55.972, 0,  0.00000,    0.00000, 0, -79, 4.2, 1.044, 3, 164
2019-02-11 16:58:05.227570, , rf>12, 5, 338757978, 488, 3, 4018, 9:1:80, 22:5:45.693, 0,  0.00000,    0.00000, 0, -92, 4.2, 1.296, 3, 164
2019-02-11 16:58:07.125098, , rf>11, 5, 250288791, 399, 1, 3987, 11:2:19, 16:58:0.114, 0,  0.00000,    0.00000, 0, -77, 4.2, 1.067, 3, 164
2019-02-11 16:58:09.007102, , rf>12, 6, 338762160, 382, 4, 3614, 9:1:80, 22:5:49.878, 0,  0.00000,    0.00000, 0, -93, 4.2, 1.325, 3, 164
2019-02-11 16:58:12.064506, , rf>11, 6, 250292942, 182, 2, 4754, 11:2:19, 16:58:5.262, 0,  0.00000,    0.00000, 0, -77, 4.2, 0.989, 3, 164
2019-02-11 16:58:13.239147, , rf>12, 7, 338765938, -1, 0, 4093, 9:1:80, 22:5:53.658, 0,  0.00000,    0.00000, 0, -95, 4.2, 1.089, 3, 164
2019-02-11 16:58:16.359781, , rf>11, 7, 250297860, 2449, 1, 4139, 11:2:19, 16:58:10.189, 0,  0.00000,    0.00000, 0, -77, 4.2, 1.154, 3, 164
2019-02-11 16:58:17.709787, , rf>12, 8, 338770667, 552, 2, 3817, 9:1:80, 22:5:57.407, 0,  0.00000,    0.00000, 0, -92, 4.2, 1.076, 3, 636
2019-02-11 16:58:21.158948, , rf>11, 8, 250302163, 415, 1, 4631, 11:2:19, 16:58:14.487, 0,  0.00000,    0.00000, 0, -79, 4.2, 1.376, 3, 164
2019-02-11 16:58:21.816232, , rf>12, 9, 338774648, 606, 1, 3939, 9:1:80, 22:6:2.383, 0,  0.00000,    0.00000, 0, -92, 4.2, 1.315, 3, 164
2019-02-11 16:58:25.690795, , rf>11, 9, 250306958, 300, 1, 4381, 11:2:19, 16:58:19.301, 0,  0.00000,    0.00000, 0, -79, 4.2, 1.273, 3, 164
2019-02-11 16:58:26.582533, , rf>12, 10, 338778751, 696, 2, 4591, 9:1:80, 22:6:6.487, 0,  0.00000,    0.00000, 0, -92, 4.2, 0.976, 3, 164
2019-02-11 16:58:30.676134, , rf>11, 10, 250311503, 20, 1, 4808, 11:2:19, 16:58:23.833, 0,  0.00000,    0.00000, 0, -77, 4.2, 0.000, 3, 164
2019-02-11 16:58:31.146948, , rf>12, 11, 338783506, -1, 0, 4033, 9:1:80, 22:6:11.254, 0,  0.00000,    0.00000, 0, -95, 4.2, 1.270, 3, 164
2019-02-11 16:58:34.658939, , rf>12, 12, 338788082, -1, 0, 3352, 9:1:80, 22:6:15.812, 0,  0.00000,    0.00000, 0, -93, 4.2, 1.089, 3, 543
2019-02-11 16:58:36.069794, , rf>11, 11, 250316474, 239, 1, 4805, 11:2:19, 16:58:28.813, 0,  0.00000,    0.00000, 0, -77, 4.2, 1.199, 3, 163
2019-02-11 16:58:39.394249, , rf>12, 13, 338791598, 806, 2, 4551, 9:1:80, 22:6:19.350, 0,  0.00000,    0.00000, 0, -95, 4.2, 1.131, 3, 164
2019-02-11 16:58:41.119050, , rf>11, 12, 250321878, 1532, 1, 4879, 11:2:19, 16:58:33.222, 0,  0.00000,    0.00000, 0, -77, 4.2, 1.318, 3, 599
2019-02-11 16:58:44.177354, , rf>12, 14, 338796313, 1233, 1, 4617, 9:1:80, 22:6:23.48, 0,  0.00000,    0.00000, 0, -91, 4.2, 1.092, 3, 164
2019-02-11 16:58:45.664516, , rf>11, 13, 250326921, 1031, 1, 4379, 11:2:19, 16:58:39.267, 0,  0.00000,    0.00000, 0, -79, 4.2, 1.167, 3, 164
2019-02-11 16:58:49.131236, , rf>12, 15, 338801094, -1, 0, 4784, 9:1:80, 22:6:28.841, 0,  0.00000,    0.00000, 0, -93, 4.2, 1.150, 3, 164
2019-02-11 16:58:50.776775, , rf>11, 14, 250331464, 631, 1, 4925, 11:2:19, 16:58:43.795, 0,  0.00000,    0.00000, 0, -79, 4.2, 1.357, 3, 164
2019-02-11 16:58:53.050316, , rf>12, 16, 338806042, -1, 0, 3764, 9:1:80, 22:6:33.784, 0,  0.00000,    0.00000, 0, -93, 4.2, 1.160, 3, 164
2019-02-11 16:58:54.681699, , rf>11, 15, 250336553, 433, 1, 3753, 11:2:19, 16:58:48.904, 0,  0.00000,    0.00000, 0, -79, 4.2, 1.428, 3, 164
2019-02-11 16:58:57.770252, , rf>12, 17, 338809970, -1, 0, 4539, 9:1:80, 22:6:37.714, 0,  0.00000,    0.00000, 0, -93, 4.2, 1.199, 3, 164
2019-02-11 16:58:59.699964, , rf>11, 16, 250340470, 408, 1, 4853, 11:2:19, 16:58:52.823, 0,  0.00000,    0.00000, 0, -79, 4.2, 1.337, 3, 164
2019-02-11 16:59:02.674687, , rf>12, 18, 338814673, -1, 0, 4724, 9:1:80, 22:6:42.431, 0,  0.00000,    0.00000, 0, -92, 4.2, 1.260, 3, 164
2019-02-11 16:59:04.590981, , rf>11, 17, 250345487, 272, 1, 4726, 11:2:19, 16:58:57.832, 0,  0.00000,    0.00000, 0, -77, 4.2, 1.102, 3, 164
2019-02-11 16:59:06.393437, , rf>12, 19, 338819561, 544, 1, 3569, 9:1:80, 22:6:47.330, 0,  0.00000,    0.00000, 0, -92, 4.2, 1.250, 3, 164
2019-02-11 16:59:08.246002, , rf>11, 18, 250350377, 613, 1, 3493, 11:2:19, 16:59:2.726, 0,  0.00000,    0.00000, 0, -77, 4.2, 1.131, 3, 164
2019-02-11 16:59:10.549597, , rf>12, 20, 338823294, 3397, 1, 3999, 9:1:80, 22:6:50.58, 0,  0.00000,    0.00000, 0, -93, 4.2, 1.134, 3, 164
2019-02-11 16:59:13.199849, , rf>11, 19, 250354034, 455, 1, 4787, 11:2:19, 16:59:6.392, 0,  0.00000,    0.00000, 0, -79, 4.2, 1.228, 3, 164
2019-02-11 16:59:14.280141, , rf>12, 21, 338827457, 3235, 1, 3549, 9:1:80, 22:6:55.231, 0,  0.00000,    0.00000, 0, -95, 4.2, 1.228, 3, 164
2019-02-11 16:59:16.619116, , rf>11, 2
2019-02-11 16:59:18.985291, , rf>12, 22, 338831170, 2223, 3, 4531, 9:1:80, 22:6:58.324, 0,  0.00000,    0.00000, 0, -96, 4.2, 1.225, 3, 164
2019-02-11 16:59:19.988404, , rf>11, 21, 250362394, 316, 1, 3198, 11:2:19, 16:59:14.757, 0,  0.00000,    0.00000, 0, -79, 4.2, 1.569, 3, 164
2019-02-11 16:59:23.140085, , rf>12, 23, 338835865, 123, 1, 4020, 9:1:80, 22:7:3.624, 0,  0.00000,    0.00000, 0, -95, 4.2, 1.399, 3, 164
2019-02-11 16:59:24.537277, , rf>11, 22, 250366132, 544, 1, 4023, 11:2:19, 16:59:17.503, 0,  0.00000,    0.00000, 0, -79, 4.2, 1.431, 3, 540
2019-02-11 16:59:26.762819, , rf>12, 24, 338840049, -1, 0, 3449, 9:1:80, 22:7:7.829, 0,  0.00000,    0.00000, 0, -92, 4.2, 1.276, 3, 164
2019-02-11 16:59:29.287960, , rf>11, 23, 250370319, 391, 1, 4564, 11:2:19, 16:59:22.687, 0,  0.00000,    0.00000, 0, -79, 4.2, 1.060, 3, 164
2019-02-11 16:59:30.934227, , rf>12, 25, 338843662, 913, 1, 3993, 9:1:80, 22:7:11.445, 0,  0.00000,    0.00000, 0, -95, 4.2, 1.379, 3, 164
2019-02-11 16:59:32.783996, , rf>11, 24, 250375047, 377, 1, 3342, 11:2:19, 16:59:27.417, 0,  0.00000,    0.00000, 0, -79, 4.2, 1.228, 3, 164
2019-02-11 16:59:34.117332, , rf>12, 26, 338847819, 1814, 2, 3037, 9:1:80, 22:7:15.604, 0,  0.00000,    0.00000, 0, -95, 4.2, 1.170, 3, 164
2019-02-11 16:59:36.514522, , rf>11, 25, 250378553, 393, 1, 3569, 11:2:19, 16:59:30.925, 0,  0.00000,    0.00000, 0, -79, 4.2, 1.241, 3, 164
2019-02-11 16:59:37.456505, , rf>12, 27, 338851020, 797, 1, 3165, 9:1:80, 22:7:18.799, 0,  0.00000,    0.00000, 0, -96, 4.2, 1.424, 3, 164
2019-02-11 16:59:39.951386, , rf>11, 26, 250382286, 424, 1, 3251, 11:2:19, 16:59:34.659, 0,  0.00000,    0.00000, 0, -80, 4.2, 1.302, 3, 164
2019-02-11 16:59:41.942246, , rf>12, 28, 338854349, -1, 0, 4312, 9:1:80, 22:7:21.138, 0,  0.00000,    0.00000, 0, -95, 4.2, 1.128, 3, 164
2019-02-11 16:59:44.592289, , rf>11, 27, 250385701, 453, 1, 4493, 11:2:19, 16:59:37.84, 0,  0.00000,    0.00000, 0, -79, 4.2, 0.986, 3, 164
2019-02-11 16:59:46.393683, , rf>12, 29, 338858825, 891, 1, 4281, 9:1:80, 22:7:26.608, 0,  0.00000,    0.00000, 0, -95, 4.2, 1.305, 3, 164
2019-02-11 16:59:48.118927, , rf>11, 28, 250390358, 330, 1, 3353, 11:2:19, 16:59:42.736, 0,  0.00000,    0.00000, 0, -79, 4.2, 1.341, 3, 164
2019-02-11 16:59:51.114244, , rf>12, 30, 338863270, -1, 0, 4569, 9:1:80, 22:7:30.54, 0,  0.00000,    0.00000, 0, -92, 4.2, 1.141, 3, 164
2019-02-11 16:59:52.885744, , rf>11, 29, 250394183, 307, 1, 4292, 11:2:19, 16:59:46.563, 0,  0.00000,    0.00000, 0, -79, 4.2, 1.031, 3, 472
2019-02-11 16:59:56.036788, , rf>12, 31, 338868003, 349, 1, 4746, 9:1:80, 22:7:35.780, 0,  0.00000,    0.00000, 0, -96, 4.2, 1.131, 3, 164
2019-02-11 16:59:57.211796, , rf>11, 30, 250398639, 271, 2, 4149, 11:2:19, 16:59:50.23, 0,  0.00000,    0.00000, 0, -79, 4.2, 1.141, 3, 164
2019-02-11 16:59:59.456069, , rf>12, 32, 338872913, -1, 0, 3270, 9:1:80, 22:7:40.703, 0,  0.00000,    0.00000, 0, -96, 4.2, 1.131, 3, 164
2019-02-11 17:00:01.510612, , rf>11, 31, 250402952, 306, 1, 4145, 11:2:19, 16:59:55.337, 0,  0.00000,    0.00000, 0, -79, 4.2, 1.189, 3, 164
2019-02-11 17:00:03.454337, , rf>12, 33, 338876347, -1, 0, 3836, 9:1:80, 22:7:43.129, 0,  0.00000,    0.00000, 0, -95, 4.2, 1.244, 3, 164
2019-02-11 17:00:05.791137, , rf>11, 32, 250407261, 1237, 2, 4117, 11:2:19, 16:59:59.649, 0,  0.00000,    0.00000, 0, -79, 4.2, 1.173, 3, 164
2019-02-11 17:00:06.888619, , rf>12, 34, 338880347, 849, 1, 3259, 9:1:80, 22:7:47.131, 0,  0.00000,    0.00000, 0, -95, 4.2, 1.086, 3, 164
2019-02-11 17:00:09.161231, , rf>11, 33, 250411542, -1, 0, 3205, 11:2:19, 17:0:3.931, 0,  0.00000,    0.00000, 0, -79, 4.2, 1.173, 3, 164
2019-02-11 17:00:10.838284, , rf>12, 35, 338883770, 2294, 1, 3790, 9:1:80, 22:7:51.574, 0,  0.00000,    0.00000, 0, -93, 4.2, 1.067, 3, 164
2019-02-11 17:00:13.191947, , rf>11, 34, 250414911, 391, 1, 3860, 11:2:19, 17:0:7.292, 0,  0.00000,    0.00000, 0, -77, 4.2, 1.595, 3, 164
2019-02-11 17:00:14.807471, , rf>12, 36, 338887724, -1, 0, 3802, 9:1:80, 22:7:55.531, 0,  0.00000,    0.00000, 0, -95, 4.2, 1.060, 3, 164
2019-02-11 17:00:17.173905, , rf>11, 35, 250418935, 562, 1, 3831, 11:2:19, 17:0:11.319, 0,  0.00000,    0.00000, 0, -79, 4.2, 1.334, 3, 164
2019-02-11 17:00:18.318069, , rf>12, 37, 338891690, 718, 1, 3334, 9:1:80, 22:7:59.481, 0,  0.00000,    0.00000, 0, -92, 4.2, 1.012, 3, 164
2019-02-11 17:00:21.313060, , rf>11, 36, 250422930, 67, 1, 3952, 11:2:19, 17:0:15.325, 0,  0.00000,    0.00000, 0, -79, 4.2, 0.000, 3, 164
2019-02-11 17:00:22.756741, , rf>12, 38, 338895188, -1, 0, 4270, 9:1:80, 22:8:2.991, 0,  0.00000,    0.00000, 0, -93, 4.2, 1.086, 3, 164
2019-02-11 17:00:25.501243, , rf>11, 37, 250427046, 652, 2, 4034, 11:2:19, 17:0:19.443, 0,  0.00000,    0.00000, 0, -79, 4.2, 1.047, 3, 164
2019-02-11 17:00:27.395999, , rf>12, 39, 338899622, -1, 0, 4472, 9:1:80, 22:8:7.435, 0,  0.00000,    0.00000, 0, -97, 4.2, 1.089, 3, 164
2019-02-11 17:00:30.579165, , rf>11, 38, 250431244, 1453, 1, 4921, 11:2:19, 17:0:23.633, 0,  0.00000,    0.00000, 0, -79, 4.2, 1.363, 3, 164
2019-02-11 17:00:31.143816, , rf>12, 40, 338904258, -1, 0, 3115, 9:1:80, 22:8:11.55, 0,  0.00000,    0.00000, 0, -97, 4.2, 1.080, 3, 164
2019-02-11 17:00:34.530930, , rf>12, 41, 338908009, 555, 1, 3217, 9:1:80, 22:8:15.807, 0,  0.00000,    0.00000, 0, -97, 4.2, 1.121, 3, 636
2019-02-11 17:00:35.048827, , rf>11, 39, 250436329, 847, 1, 4268, 11:2:19, 17:0:28.731, 0,  0.00000,    0.00000, 0, -79, 4.2, 1.528, 3, 164
2019-02-11 17:00:39.031117, , rf>12, 42, 338911390, -1, 0, 4342, 9:1:80, 22:8:19.208, 0,  0.00000,    0.00000, 0, -96, 4.2, 1.154, 3, 164
2019-02-11 17:00:39.516525, , rf>11, 40, 250440761, 564, 1, 4319, 11:2:19, 17:0:32.165, 0,  0.00000,    0.00000, 0, -79, 4.2, 1.283, 3, 164
2019-02-11 17:00:42.699650, , rf>11, 41, 250445244, 642, 1, 3028, 11:2:19, 17:0:37.639, 0,  0.00000,    0.00000, 0, -79, 4.2, 1.534, 3, 164
2019-02-11 17:00:43.766503, , rf>12, 43, 338915896, -1, 0, 4560, 9:1:80, 22:8:23.716, 0,  0.00000,    0.00000, 0, -96, 4.2, 1.096, 3, 164
2019-02-11 17:00:47.780886, , rf>11, 42, 250448436, 479, 1, 4902, 11:2:19, 17:0:40.843, 0,  0.00000,    0.00000, 0, -79, 4.2, 1.192, 3, 164
2019-02-11 17:00:48.532909, , rf>12, 44, 338920620, 721, 1, 4592, 9:1:80, 22:8:28.435, 0,  0.00000,    0.00000, 0, -95, 4.2, 1.292, 3, 164
2019-02-11 17:00:52.062128, , rf>11, 43, 250453502, 255, 1, 4129, 11:2:19, 17:0:45.904, 0,  0.00000,    0.00000, 0, -79, 4.2, 1.537, 3, 164
2019-02-11 17:00:53.236557, , rf>12, 45, 338925376, 1026, 1, 4565, 9:1:80, 22:8:33.20, 0,  0.00000,    0.00000, 0, -96, 4.2, 1.009, 3, 164
2019-02-11 17:00:56.796961, , rf>12, 46, 338930105, 437, 4, 3389, 9:1:80, 22:8:37.932, 0,  0.00000,    0.00000, 0, -93, 4.2, 0.999, 3, 164
2019-02-11 17:00:57.175031, , rf>11, 44, 250457795, 292, 2, 4950, 11:2:19, 17:0:50.197, 0,  0.00000,    0.00000, 0, -77, 4.2, 1.173, 3, 164
2019-02-11 17:01:00.528237, , rf>11, 45, 250462909, 503, 1, 3171, 11:2:19, 17:0:55.306, 0,  0.00000,    0.00000, 0, -79, 4.2, 1.076, 3, 164
2019-02-11 17:01:01.155598, , rf>12, 47, 338933658, 336, 2, 4196, 9:1:80, 22:8:41.467, 0,  0.00000,    0.00000, 0, -93, 4.2, 0.993, 3, 164
2019-02-11 17:01:04.182982, , rf>11, 46, 250466244, 20, 1, 3504, 11:2:19, 17:0:58.660, 0,  0.00000,    0.00000, 0, -79, 4.2, 0.000, 3, 164
2019-02-11 17:01:04.606034, , rf>12, 48, 338938018, 777, 1, 3265, 9:1:80, 22:8:45.829, 0,  0.00000,    0.00000, 0, -93, 4.2, 1.112, 3, 164
2019-02-11 17:01:08.054926, , rf>11, 47, 250469912, 409, 1, 3706, 11:2:19, 17:1:2.330, 0,  0.00000,    0.00000, 0, -79, 4.2, 1.022, 3, 164
2019-02-11 17:01:09.168329, , rf>12, 49, 338941754, 763, 2, 3151, 9:1:80, 22:8:49.587, 0,  0.00000,    0.00000, 0, -93, 4.2, 1.176, 3, 471
2019-02-11 17:01:11.470799, , rf>11, 48, 250473782, 463, 1, 3241, 11:2:19, 17:1:6.197, 0,  0.00000,    0.00000, 0, -79, 4.2, 1.147, 3, 164
2019-02-11 17:01:13.588089, , rf>12, 50, 338946009, 693, 1, 4240, 9:1:80, 22:8:52.835, 0,  0.00000,    0.00000, 0, -96, 4.2, 1.241, 3, 1104
2019-02-11 17:01:16.068530, , rf>11, 49, 250477187, 1062, 1, 4422, 11:2:19, 17:1:9.605, 0,  0.00000,    0.00000, 0, -79, 4.2, 1.138, 3, 164
2019-02-11 17:01:18.560984, , rf>12, 51, 338950413, 383, 2, 4834, 9:1:80, 22:8:58.244, 0,  0.00000,    0.00000, 0, -95, 4.2, 1.205, 3, 164
2019-02-11 17:01:20.175579, , rf>11, 50, 250481773, 454, 1, 3960, 11:2:19, 17:1:14.194, 0,  0.00000,    0.00000, 0, -79, 4.2, 1.167, 3, 164
2019-02-11 17:01:21.837928, , rf>12, 52, 338955411, -1, 0, 3101, 9:1:80, 22:9:3.236, 0,  0.00000,    0.00000, 0, -93, 4.2, 1.257, 3, 164
2019-02-11 17:01:24.187043, , rf>11, 51, 250485897, 351, 1, 3832, 11:2:19, 17:1:18.328, 0,  0.00000,    0.00000, 0, -80, 4.2, 1.376, 3, 164
2019-02-11 17:01:25.474795, , rf>12, 53, 338958676, -1, 0, 3484, 9:1:80, 22:9:6.512, 0,  0.00000,    0.00000, 0, -95, 4.2, 1.244, 3, 164
2019-02-11 17:01:27.841565, , rf>11, 52, 250489893, 456, 2, 3490, 11:2:19, 17:1:22.326, 0,  0.00000,    0.00000, 0, -79, 4.2, 1.063, 3, 164
2019-02-11 17:01:30.241420, , rf>12, 54, 338962324, 714, 2, 4593, 9:1:80, 22:9:9.171, 0,  0.00000,    0.00000, 0, -95, 4.2, 1.276, 3, 164
2019-02-11 17:01:31.527451, , rf>11, 53, 250493547, 894, 1, 3528, 11:2:19, 17:1:25.984, 0,  0.00000,    0.00000, 0, -79, 4.2, 1.441, 3, 164
2019-02-11 17:01:33.487682, , rf>12, 55, 338967081, -1, 0, 3084, 9:1:80, 22:9:14.920, 0,  0.00000,    0.00000, 0, -96, 4.2, 1.089, 3, 164
2019-02-11 17:01:35.511390, , rf>11, 54, 250497239, 661, 1, 3811, 11:2:19, 17:1:29.669, 0,  0.00000,    0.00000, 0, -77, 4.2, 1.373, 3, 164
2019-02-11 17:01:37.674775, , rf>12, 56, 338970329, 536, 1, 3997, 9:1:80, 22:9:17.161, 0,  0.00000,    0.00000, 0, -95, 4.2, 1.257, 3, 164
2019-02-11 17:01:40.293380, , rf>11, 55, 250501214, 475, 1, 4609, 11:2:19, 17:1:33.640, 0,  0.00000,    0.00000, 0, -80, 4.2, 1.115, 3, 164
2019-02-11 17:01:42.378570, , rf>12, 57, 338974490, 322, 2, 4558, 9:1:80, 22:9:22.334, 0,  0.00000,    0.00000, 0, -95, 4.2, 1.412, 3, 164
2019-02-11 17:01:44.464394, , rf>11, 56, 250505987, 268, 1, 3990, 11:2:19, 17:1:38.426, 0,  0.00000,    0.00000, 0, -79, 4.2, 1.186, 3, 164
2019-02-11 17:01:46.987580, , rf>12, 58, 338979212, 707, 1, 4438, 9:1:80, 22:9:26.57, 0,  0.00000,    0.00000, 0, -95, 4.2, 0.970, 3, 164
2019-02-11 17:01:49.167865, , rf>11, 57, 250510141, 243, 1, 4551, 11:2:19, 17:1:42.581, 0,  0.00000,    0.00000, 0, -77, 4.2, 1.421, 3, 164
2019-02-11 17:01:50.170009, , rf>12, 59, 338983814, 537, 1, 3000, 9:1:80, 22:9:31.669, 0,  0.00000,    0.00000, 0, -97, 4.2, 1.109, 3, 164
2019-02-11 17:01:52.382099, , rf>11, 58, 250514856, 287, 1, 3054, 11:2:19, 17:1:47.308, 0,  0.00000,    0.00000, 0, -77, 4.2, 1.109, 3, 164
2019-02-11 17:01:54.593226, , rf>12, 60, 338986978, 550, 2, 4268, 9:1:80, 22:9:34.827, 0,  0.00000,    0.00000, 0, -95, 4.2, 1.009, 3, 164
2019-02-11 17:01:56.067971, , rf>11, 59, 250518074, 878, 1, 3522, 11:2:19, 17:1:50.528, 0,  0.00000,    0.00000, 0, -79, 4.2, 1.047, 3, 164
2019-02-11 17:01:58.434151, , rf>12, 61, 338991410, 423, 1, 3666, 9:1:80, 22:9:39.252, 0,  0.00000,    0.00000, 0, -96, 4.2, 1.505, 3, 164
2019-02-11 17:02:01.164957, , rf>11, 60, 250522080, 644, 1, 4600, 11:2:19, 17:1:54.528, 0,  0.00000,    0.00000, 0, -80, 4.2, 1.044, 3, 484
2019-02-11 17:02:01.883702, , rf>12, 62, 338995240, 745, 1, 3301, 9:1:80, 22:9:42.95, 0,  0.00000,    0.00000, 0, -95, 4.2, 1.205, 3, 164
2019-02-11 17:02:05.380228, , rf>11, 61, 250526844, 348, 1, 4052, 11:2:19, 17:1:59.305, 0,  0.00000,    0.00000, 0, -79, 4.2, 1.347, 3, 164
2019-02-11 17:02:05.960995, , rf>12, 63, 338998705, -1, 0, 3431, 9:1:80, 22:9:46.562, 0,  0.00000,    0.00000, 0, -90, 4.2, 1.109, 3, 164
2019-02-11 17:02:09.127978, , rf>11, 62, 250531060, 704, 1, 3569, 11:2:19, 17:2:3.522, 0,  0.00000,    0.00000, 0, -77, 4.2, 1.273, 3, 164
2019-02-11 17:02:10.208719, , rf>12, 64, 339002770, 649, 1, 4098, 9:1:80, 22:9:49.637, 0,  0.00000,    0.00000, 0, -93, 4.2, 1.437, 3, 634
2019-02-11 17:02:12.941655, , rf>11, 63, 250534793, 530, 1, 3658, 11:2:19, 17:2:7.257, 0,  0.00000,    0.00000, 0, -79, 4.2, 1.434, 3, 164
2019-02-11 17:02:14.929500, , rf>12, 65, 339007032, -1, 0, 4550, 9:1:80, 22:9:54.897, 0,  0.00000,    0.00000, 0, -93, 4.2, 1.231, 3, 164
2019-02-11 17:02:17.908956, , rf>11, 64, 250538615, 341, 2, 4781, 11:2:19, 17:2:10.81, 0,  0.00000,    0.00000, 0, -79, 4.2, 1.234, 3, 164
2019-02-11 17:02:19.085674, , rf>12, 66, 339011746, 1103, 1, 3962, 9:1:80, 22:9:59.615, 0,  0.00000,    0.00000, 0, -95, 4.2, 1.031, 3, 164
2019-02-11 17:02:21.532007, , rf>11, 65, 250543560, 1154, 1, 3466, 11:2:19, 17:2:15.27, 0,  0.00000,    0.00000, 0, -74, 4.2, 1.331, 3, 164
2019-02-11 17:02:23.366018, , rf>12, 67, 339015872, -1, 0, 4106, 9:1:80, 22:10:3.752, 0,  0.00000,    0.00000, 0, -95, 4.2, 1.179, 3, 164
2019-02-11 17:02:26.156585, , rf>11, 66, 250547190, -1, 0, 4476, 11:2:19, 17:2:19.661, 0,  0.00000,    0.00000, 0, -79, 4.2, 1.263, 3, 164
2019-02-11 17:02:27.143654, , rf>12, 68, 339020142, -1, 0, 3626, 9:1:80, 22:10:7.25, 0,  0.00000,    0.00000, 0, -95, 4.2, 1.112, 3, 164
2019-02-11 17:02:30.217436, , rf>11, 67, 250551830, 247, 1, 3890, 11:2:19, 17:2:24.293, 0,  0.00000,    0.00000, 0, -77, 4.2, 1.157, 3, 164
2019-02-11 17:02:30.484745, , rf>12, 69, 339023932, -1, 0, 3196, 9:1:80, 22:10:11.798, 0,  0.00000,    0.00000, 0, -95, 4.2, 1.044, 3, 164
2019-02-11 17:02:33.635988, , rf>11, 68, 250555884, 221, 1, 3239, 11:2:19, 17:2:28.348, 0,  0.00000,    0.00000, 0, -79, 4.2, 0.983, 3, 164
2019-02-11 17:02:36.143842, , rf>12, 70, 339028086, -1, 0, 4650, 9:1:80, 22:10:14.963, 0,  0.00000,    0.00000, 0, -95, 4.2, 1.128, 3, 958
2019-02-11 17:02:38.215037, , rf>11, 69, 250559287, 372, 1, 4418, 11:2:19, 17:2:31.764, 0,  0.00000,    0.00000, 0, -77, 4.2, 1.115, 3, 164
2019-02-11 17:02:40.989672, , rf>12, 71, 339032900, 563, 1, 4708, 9:1:80, 22:10:20.785, 0,  0.00000,    0.00000, 0, -93, 4.2, 0.993, 3, 164
2019-02-11 17:02:42.668794, , rf>11, 70, 250563869, 770, 1, 4298, 11:2:19, 17:2:36.349, 0,  0.00000,    0.00000, 0, -79, 4.2, 1.544, 3, 164
2019-02-11 17:02:45.771005, , rf>12, 72, 339037772, 413, 1, 4607, 9:1:80, 22:10:25.650, 0,  0.00000,    0.00000, 0, -95, 4.2, 0.922, 3, 164
2019-02-11 17:02:46.164642, , rf>11, 71, 250568331, 369, 1, 3334, 11:2:19, 17:2:40.812, 0,  0.00000,    0.00000, 0, -79, 4.2, 1.170, 3, 164
2019-02-11 17:02:50.881804, , rf>11, 72, 250571829, 522, 1, 4557, 11:2:19, 17:2:44.303, 0,  0.00000,    0.00000, 0, -79, 4.2, 1.060, 3, 164
2019-02-11 17:02:51.810261, , rf>12, 72, 250571829, 522, 1, 4557, 11:2:19, 17:2:44.303, 0,  0.00000,    0.00000, 0, -79, 4.2, 1.060, 3, 164
2019-02-11 17:02:55.133039, , rf>12, 74, 339048574, -1, 0, 3146, 9:1:80, 22:10:35.476, 0,  0.00000,    0.00000, 0, -96, 4.2, 1.328, 3, 1033
2019-02-11 17:02:56.105251, , rf>11, 73, 250576858, 543, 1, 4746, 11:2:19, 17:2:48.652, 0,  0.00000,    0.00000, 0, -79, 4.2, 1.231, 3, 472
2019-02-11 17:02:59.978083, , rf>12, 75, 339051884, 1047, 1, 4703, 9:1:80, 22:10:39.790, 0,  0.00000,    0.00000, 0, -93, 4.2, 1.131, 3, 164
2019-02-11 17:03:00.871151, , rf>11, 74, 250581768, 730, 1, 4589, 11:2:19, 17:2:54.264, 0,  0.00000,    0.00000, 0, -98, 4.2, 1.337, 3, 164
2019-02-11 17:03:03.521683, , rf>12, 76, 339056751, 389, 1, 3385, 9:1:80, 22:10:44.651, 0,  0.00000,    0.00000, 0, -95, 4.2, 1.354, 3, 164
2019-02-11 17:03:04.304189, , rf>11, 75, 250586521, 393, 2, 3259, 11:2:19, 17:2:58.17, 0,  0.00000,    0.00000, 0, -77, 4.2, 1.125, 3, 164
2019-02-11 17:03:07.488523, , rf>12, 77, 339060300, -1, 0, 3804, 9:1:80, 22:10:48.203, 0,  0.00000,    0.00000, 0, -98, 4.2, 1.051, 3, 164
2019-02-11 17:03:08.241611, , rf>11, 76, 250589944, -1, 0, 3790, 11:2:19, 17:3:2.427, 0,  0.00000,    0.00000, 0, -79, 4.2, 1.115, 3, 164
2019-02-11 17:03:11.408540, , rf>12, 78, 339064268, 855, 1, 3739, 9:1:80, 22:10:51.163, 0,  0.00000,    0.00000, 0, -95, 4.2, 1.424, 3, 164
2019-02-11 17:03:12.506341, , rf>11, 77, 250593898, 461, 1, 4090, 11:2:19, 17:3:6.385, 0,  0.00000,    0.00000, 0, -79, 4.2, 1.051, 3, 164
2019-02-11 17:03:16.378764, , rf>12, 79, 339068171, 696, 1, 4406, 9:1:80, 22:10:55.86, 0,  0.00000,    0.00000, 0, -93, 4.2, 1.247, 3, 164
2019-02-11 17:03:16.926468, , rf>11, 78, 250598152, 643, 1, 3334, 11:2:19, 17:3:10.642, 0,  0.00000,    0.00000, 0, -79, 4.2, 1.167, 3, 164
2019-02-11 17:03:21.741037, , rf>11, 79, 250602568, 397, 1, 4640, 11:2:19, 17:3:13.58, 0,  0.00000,    0.00000, 0, -79, 4.2, 1.063, 3, 1082
2019-02-11 17:03:22.226456, , rf>12, 80, 339073544, -1, 0, 4812, 9:1:80, 22:11:0.16, 0,  0.00000,    0.00000, 0, -98, 4.2, 1.089, 3, 967
2019-02-11 17:03:25.013334, , rf>11, 80, 250607372, 310, 1, 3115, 11:2:19, 17:3:19.866, 0,  0.00000,    0.00000, 0, -80, 4.2, 1.286, 3, 164
2019-02-11 17:03:25.488145, , rf>12, 81, 339078991, 563, 1, 3095, 9:1:80, 22:11:6.903, 0,  0.00000,    0.00000, 0, -96, 4.2, 1.157, 3, 635
2019-02-11 17:03:28.405831, , rf>11, 81, 250610651, -1, 0, 3217, 11:2:19, 17:3:22.147, 0,  0.00000,    0.00000, 0, -79, 4.2, 1.115, 3, 164
2019-02-11 17:03:30.397190, , rf>12, 82, 339082250, 618, 1, 4735, 9:1:80, 22:11:9.153, 0,  0.00000,    0.00000, 0, -95, 4.2, 1.179, 3, 164
2019-02-11 17:03:33.203132, , rf>11, 82, 250614032, 627, 1, 4640, 11:2:19, 17:3:26.530, 0,  0.00000,    0.00000, 0, -79, 4.2, 1.218, 3, 164
2019-02-11 17:03:33.892699, , rf>12, 83, 339087149, 503, 1, 3325, 9:1:80, 22:11:14.66, 0,  0.00000,    0.00000, 0, -96, 4.2, 1.105, 3, 164
2019-02-11 17:03:37.939148, , rf>11, 83, 250618836, 1648, 1, 4560, 11:2:19, 17:3:31.337, 0,  0.00000,    0.00000, 0, -79, 4.2, 1.044, 3, 164
2019-02-11 17:03:39.162003, , rf>12, 84, 339090638, 425, 1, 4019, 9:1:80, 22:11:18.557, 0,  0.00000,    0.00000, 0, -95, 4.2, 1.441, 3, 164
2019-02-11 17:03:42.313113, , rf>11, 84, 250623560, 3108, 1, 4217, 11:2:19, 17:3:35.817, 0,  0.00000,    0.00000, 0, -79, 4.2, 1.228, 3, 164
2019-02-11 17:03:42.971258, , rf>12, 85, 339095905, 2116, 1, 3661, 9:1:80, 22:11:22.824, 0,  0.00000,    0.00000, 0, -95, 4.2, 1.212, 3, 1248
2019-02-11 17:03:46.798661, , rf>11, 85, 250627941, 2007, 1, 4313, 11:2:19, 17:3:40.446, 0,  0.00000,    0.00000, 0, -79, 4.2, 1.205, 3, 164
2019-02-11 17:03:47.707204, , rf>12, 86, 339099730, 458, 1, 4549, 9:1:80, 22:11:27.646, 0,  0.00000,    0.00000, 0, -95, 4.2, 1.408, 3, 164
2019-02-11 17:03:50.546799, , rf>11, 86, 250632418, 868, 1, 3594, 11:2:19, 17:3:44.924, 0,  0.00000,    0.00000, 0, -79, 4.2, 1.279, 3, 164
2019-02-11 17:03:52.129732, , rf>12, 87, 339104443, 893, 1, 4257, 9:1:80, 22:11:32.371, 0,  0.00000,    0.00000, 0, -95, 4.2, 1.205, 3, 164
2019-02-11 17:03:53.932326, , rf>11, 87, 250636176, -1, 0, 3218, 11:2:19, 17:3:48.686, 0,  0.00000,    0.00000, 0, -79, 4.2, 1.118, 3, 164
2019-02-11 17:03:56.597914, , rf>12, 88, 339108864, 554, 1, 4316, 9:1:80, 22:11:36.794, 0,  0.00000,    0.00000, 0, -95, 4.2, 1.125, 3, 164
2019-02-11 17:03:57.962629, , rf>11, 88, 250639558, -1, 0, 3852, 11:2:19, 17:3:51.58, 0,  0.00000,    0.00000, 0, -79, 4.2, 1.154, 3, 164
2019-02-11 17:04:00.530631, , rf>12, 89, 339113344, 481, 1, 3748, 9:1:80, 22:11:41.266, 0,  0.00000,    0.00000, 0, -95, 4.2, 1.205, 3, 164
2019-02-11 17:04:01.271684, , rf>11, 89, 250643574, 320, 1, 3151, 11:2:19, 17:3:55.77, 0,  0.00000,    0.00000, 0, -79, 4.2, 1.437, 3, 164
2019-02-11 17:04:04.778722, , rf>12, 90, 339117256, -1, 0, 4070, 9:1:80, 22:11:45.199, 0,  0.00000,    0.00000, 0, -96, 4.2, 1.208, 3, 164
2019-02-11 17:04:06.163341, , rf>11, 90, 250646889, 429, 1, 4739, 11:2:19, 17:3:59.400, 0,  0.00000,    0.00000, 0, -79, 4.2, 1.321, 3, 164
2019-02-11 17:04:09.377374, , rf>12, 91, 339121490, -1, 0, 4447, 9:1:80, 22:11:49.435, 0,  0.00000,    0.00000, 0, -93, 4.2, 1.341, 3, 164
2019-02-11 17:04:10.773052, , rf>11, 91, 250651792, 988, 1, 4442, 11:2:19, 17:4:4.310, 0,  0.00000,    0.00000, 0, -79, 4.2, 1.099, 3, 164
2019-02-11 17:04:13.453565, , rf>12, 92, 339126101, -1, 0, 3916, 9:1:80, 22:11:53.30, 0,  0.00000,    0.00000, 0, -95, 4.2, 1.141, 3, 164
2019-02-11 17:04:14.928876, , rf>11, 92, 250656398, 1131, 1, 3983, 11:2:19, 17:4:8.923, 0,  0.00000,    0.00000, 0, -80, 4.2, 0.999, 3, 164
2019-02-11 17:04:16.856848, , rf>12, 93, 339130181, -1, 0, 3256, 9:1:80, 22:11:57.111, 0,  0.00000,    0.00000, 0, -96, 4.2, 1.141, 3, 164
2019-02-11 17:04:20.054722, , rf>11, 93, 250660545, 736, 1, 4936, 11:2:19, 17:4:12.74, 0,  0.00000,    0.00000, 0, -80, 4.2, 1.102, 3, 164
2019-02-11 17:04:21.905442, , rf>12, 94, 339133601, -1, 0, 4858, 9:1:80, 22:12:1.534, 0,  0.00000,    0.00000, 0, -95, 4.2, 1.138, 3, 164
2019-02-11 17:04:24.805827, , rf>11, 94, 250665645, 625, 1, 4593, 11:2:19, 17:4:17.176, 0,  0.00000,    0.00000, 0, -77, 4.2, 1.473, 3, 164
2019-02-11 17:04:25.151783, , rf>12, 95, 339138623, -1, 0, 3104, 9:1:80, 22:12:6.568, 0,  0.00000,    0.00000, 0, -93, 4.2, 1.273, 3, 164
2019-02-11 17:04:28.050740, , rf>11, 95, 250670402, 552, 1, 3084, 11:2:19, 17:4:22.934, 0,  0.00000,    0.00000, 0, -79, 4.2, 1.083, 3, 164
2019-02-11 17:04:30.295183, , rf>12, 96, 339141891, -1, 0, 4975, 9:1:80, 22:12:9.837, 0,  0.00000,    0.00000, 0, -96, 4.2, 1.105, 3, 164
2019-02-11 17:04:32.786167, , rf>11, 96, 250673650, 434, 1, 4574, 11:2:19, 17:4:26.20, 0,  0.00000,    0.00000, 0, -77, 4.2, 1.312, 3, 164
2019-02-11 17:04:34.088977, , rf>12, 97, 339147030, -1, 0, 3611, 9:1:80, 22:12:14.987, 0,  0.00000,    0.00000, 0, -96, 4.2, 1.138, 3, 164
2019-02-11 17:04:36.578849, , rf>11, 97, 250678388, 411, 1, 3610, 11:2:19, 17:4:30.925, 0,  0.00000,    0.00000, 0, -77, 4.2, 1.044, 3, 164
2019-02-11 17:04:38.040667, , rf>12, 98, 339150805, -1, 0, 3762, 9:1:80, 22:12:18.745, 0,  0.00000,    0.00000, 0, -95, 4.2, 1.157, 3, 164
2019-02-11 17:04:41.145854, , rf>11, 98, 250682162, -1, 0, 4425, 11:2:19, 17:4:34.701, 0,  0.00000,    0.00000, 0, -77, 4.2, 1.208, 3, 164
2019-02-11 17:04:42.728078, , rf>12, 99, 339154731, -1, 0, 4564, 9:1:80, 22:12:22.692, 0,  0.00000,    0.00000, 0, -96, 4.2, 1.192, 3, 164
2019-02-11 17:04:44.327232, , rf>11, 99, 250686751, 653, 1, 3000, 11:2:19, 17:4:39.281, 0,  0.00000,    0.00000, 0, -79, 4.2, 1.228, 3, 164
2019-02-11 17:04:46.852682, , rf>12, 100, 339159459, -1, 0, 3959, 9:1:80, 22:12:27.413, 0,  0.00000,    0.00000, 0, -96, 4.2, 1.092, 3, 164
2019-02-11 17:04:48.761720, , rf>11, 100, 250689915, 3482, 1, 4268, 11:2:19, 17:4:42.458, 0,  0.00000,    0.00000, 0, -79, 4.2, 1.102, 3, 164
2019-02-11 17:04:50.237743, , rf>12, 101, 339163582, -1, 0, 3211, 9:1:80, 22:12:31.539, 0,  0.00000,    0.00000, 0, -96, 4.2, 1.083, 3, 164
2019-02-11 17:04:52.575295, , rf>11, 101, 250694347, 2536, 1, 3666, 11:2:19, 17:4:46.892, 0,  0.00000,    0.00000, 0, -79, 4.2, 1.121, 3, 164
2019-02-11 17:04:55.128241, , rf>12, 102, 339166957, 918, 1, 4025, 9:1:80, 22:12:34.906, 0,  0.00000,    0.00000, 0, -95, 4.2, 1.038, 3, 164
2019-02-11 17:04:56.040084, , rf>11, 102, 250698177, 1754, 1, 3301, 11:2:19, 17:4:50.724, 0,  0.00000,    0.00000, 0, -77, 4.2, 1.208, 3, 164
2019-02-11 17:05:00.024321, , rf>12, 103, 339171809, -1, 0, 4748, 9:1:80, 22:12:38.778, 0,  0.00000,    0.00000, 0, -93, 4.2, 1.096, 3, 827
2019-02-11 17:05:00.164944, , rf>11, 103, 250701642, 901, 1, 3937, 11:2:19, 17:4:54.193, 0,  0.00000,    0.00000, 0, -79, 4.2, 1.225, 3, 164
2019-02-11 17:05:03.739926, , rf>11, 104, 250705743, 1365, 1, 3406, 11:2:19, 17:4:58.285, 0,  0.00000,    0.00000, 0, -79, 4.2, 1.228, 3, 164
2019-02-11 17:05:05.119628, , rf>12, 104, 339176721, 667, 1, 4935, 9:1:80, 22:12:44.80, 0,  0.00000,    0.00000, 0, -95, 4.2, 1.205, 3, 164
2019-02-11 17:05:08.207405, , rf>11, 105, 250709313, 367, 2, 4313, 11:2:19, 17:5:1.867, 0,  0.00000,    0.00000, 0, -79, 4.2, 1.308, 3, 164
2019-02-11 17:05:08.834503, , rf>12, 105, 339181820, 612, 1, 3558, 9:1:80, 22:12:49.786, 0,  0.00000,    0.00000, 0, -92, 4.2, 0.970, 3, 164
2019-02-11 17:05:12.088090, , rf>11, 106, 250713790, 664, 1, 3688, 11:2:19, 17:5:6.348, 0,  0.00000,    0.00000, 0, -79, 4.2, 0.986, 3, 164
2019-02-11 17:05:12.504700, , rf>12, 106, 339185542, -1, 0, 3132, 9:1:80, 22:12:53.512, 0,  0.00000,    0.00000, 0, -95, 4.2, 1.279, 3, 164
2019-02-11 17:05:16.158275, , rf>11, 107, 250717642, 188, 1, 3626, 11:2:19, 17:5:10.203, 0,  0.00000,    0.00000, 0, -77, 4.2, 1.482, 3, 164
2019-02-11 17:05:16.689775, , rf>12, 107, 339189199, -1, 0, 3114, 9:1:80, 22:12:56.160, 0,  0.00000,    0.00000, 0, -93, 4.2, 1.157, 3, 525
2019-02-11 17:05:19.466271, , rf>11, 108, 250721736, 250, 1, 3140, 11:2:19, 17:5:13.290, 0,  0.00000,    0.00000, 0, -79, 4.2, 1.283, 3, 468
2019-02-11 17:05:21.207721, , rf>12, 108, 339193368, 657, 1, 4363, 9:1:80, 22:13:0.340, 0,  0.00000,    0.00000, 0, -95, 4.2, 1.025, 3, 1055
2019-02-11 17:05:22.977913, , rf>11, 109, 250725040, 650, 2, 3353, 11:2:19, 17:5:17.597, 0,  0.00000,    0.00000, 0, -77, 4.2, 1.022, 3, 164
2019-02-11 17:05:24.577748, , rf>12, 109, 339197895, 484, 1, 3203, 9:1:80, 22:13:5.880, 0,  0.00000,    0.00000, 0, -95, 4.2, 1.434, 3, 164
2019-02-11 17:05:28.044097, , rf>11, 110, 250728557, 370, 1, 4880, 11:2:19, 17:5:20.126, 0,  0.00000,    0.00000, 0, -79, 4.2, 0.980, 3, 164
2019-02-11 17:05:29.721875, , rf>12, 110, 339201262, -1, 0, 4977, 9:1:80, 22:13:9.239, 0,  0.00000,    0.00000, 0, -96, 4.2, 1.237, 3, 164
2019-02-11 17:05:32.309012, , rf>11, 111, 250733601, 344, 1, 4107, 11:2:19, 17:5:25.173, 0,  0.00000,    0.00000, 0, -79, 4.2, 1.128, 3, 164
2019-02-11 17:05:34.875934, , rf>12, 111, 339206403, 734, 1, 4984, 9:1:80, 22:13:14.374, 0,  0.00000,    0.00000, 0, -97, 4.2, 1.096, 3, 164
2019-02-11 17:05:36.993236, , rf>11, 112, 250737872, 337, 1, 4505, 11:2:19, 17:5:30.437, 0,  0.00000,    0.00000, 0, -79, 4.2, 1.176, 3, 164
2019-02-11 17:05:39.223663, , rf>12, 112, 339211551, 455, 1, 4192, 9:1:80, 22:13:19.533, 0,  0.00000,    0.00000, 0, -97, 4.2, 1.370, 3, 164
2019-02-11 17:05:40.290172, , rf>11, 113, 250742541, 26, 1, 3146, 11:2:19, 17:5:34.109, 0,  0.00000,    0.00000, 0, -79, 4.2, 0.000, 3, 164
2019-02-11 17:05:44.146871, , rf>12, 113, 339215907, 588, 1, 4767, 9:1:80, 22:13:23.891, 0,  0.00000,    0.00000, 0, -95, 4.2, 1.376, 3, 164
2019-02-11 17:05:44.616651, , rf>11, 114, 250745851, 215, 1, 4172, 11:2:19, 17:5:38.423, 0,  0.00000,    0.00000, 0, -79, 4.2, 1.392, 3, 164
2019-02-11 17:05:48.050093, , rf>12, 114, 339220838, 828, 1, 3717, 9:1:80, 22:13:28.816, 0,  0.00000,    0.00000, 0, -93, 4.2, 1.466, 3, 164
2019-02-11 17:05:48.755971, , rf>11, 115, 250750187, 283, 1, 3968, 11:2:19, 17:5:42.767, 0,  0.00000,    0.00000, 0, -79, 4.2, 1.179, 3, 164
2019-02-11 17:05:51.233016, , rf>12, 115, 339224719, -1, 0, 3021, 9:1:80, 22:13:32.718, 0,  0.00000,    0.00000, 0, -93, 4.2, 1.237, 3, 164
2019-02-11 17:05:52.911553, , rf>11, 116, 250754319, 286, 1, 3972, 11:2:19, 17:5:46.901, 0,  0.00000,    0.00000, 0, -79, 4.2, 1.183, 3, 164
2019-02-11 17:05:55.749814, , rf>12, 116, 339227904, 940, 1, 4364, 9:1:80, 22:13:35.898, 0,  0.00000,    0.00000, 0, -95, 4.2, 1.231, 3, 164
2019-02-11 17:05:56.800251, , rf>11, 117, 250758455, 862, 1, 3723, 11:2:19, 17:5:50.34, 0,  0.00000,    0.00000, 0, -79, 4.2, 1.057, 3, 164
2019-02-11 17:05:59.795039, , rf>12, 117, 339232432, 613, 1, 3860, 9:1:80, 22:13:40.436, 0,  0.00000,    0.00000, 0, -95, 4.2, 0.999, 3, 164
2019-02-11 17:06:00.076690, , rf>11, 118, 250762342, 391, 1, 3126, 11:2:19, 17:5:54.922, 0,  0.00000,    0.00000, 0, -79, 4.2, 1.034, 3, 164
2019-02-11 17:06:04.452103, , rf>12, 118, 339236456, 1093, 1, 4512, 9:1:80, 22:13:44.464, 0,  0.00000,    0.00000, 0, -96, 4.2, 1.202, 3, 164
2019-02-11 17:06:05.076469, , rf>11, 119, 250765632, 445, 1, 4812, 11:2:19, 17:5:58.212, 0,  0.00000,    0.00000, 0, -77, 4.2, 1.260, 3, 164
2019-02-11 17:06:09.470370, , rf>11, 120, 250770608, 241, 1, 4242, 11:2:19, 17:6:3.208, 0,  0.00000,    0.00000, 0, -79, 4.2, 1.296, 3, 164
2019-02-11 17:06:09.986520, , rf>12, 119, 339241461, -1, 0, 4637, 9:1:80, 22:13:48.454, 0,  0.00000,    0.00000, 0, -97, 4.2, 1.302, 3, 493
2019-02-11 17:06:12.949510, , rf>11, 121, 250775014, 323, 1, 3308, 11:2:19, 17:6:7.901, 0,  0.00000,    0.00000, 0, -79, 4.2, 0.000, 3, 164
2019-02-11 17:06:13.827817, , rf>12, 120, 339246659, 430, 1, 3170, 9:1:80, 22:13:54.674, 0,  0.00000,    0.00000, 0, -97, 4.2, 1.192, 3, 561
2019-02-11 17:06:16.369083, , rf>11, 122, 250778486, 311, 2, 3274, 11:2:19, 17:6:10.83, 0,  0.00000,    0.00000, 0, -79, 4.2, 1.615, 3, 164
2019-02-11 17:06:18.940357, , rf>12, 121, 339250483, 566, 1, 4952, 9:1:80, 22:13:57.494, 0,  0.00000,    0.00000, 0, -96, 4.2, 0.980, 3, 654
2019-02-11 17:06:20.556219, , rf>11, 123, 250781924, -1, 0, 4019, 11:2:19, 17:6:14.514, 0,  0.00000,    0.00000, 0, -77, 4.2, 1.154, 3, 164
2019-02-11 17:06:23.624183, , rf>12, 122, 339255599, -1, 0, 4508, 9:1:80, 22:14:3.607, 0,  0.00000,    0.00000, 0, -97, 4.2, 1.115, 3, 164
2019-02-11 17:06:24.035203, , rf>11, 124, 250786107, 500, 1, 3308, 11:2:19, 17:6:18.707, 0,  0.00000,    0.00000, 0, -80, 4.2, 1.508, 3, 164
2019-02-11 17:06:28.252744, , rf>11, 125, 250789579, 659, 1, 3661, 11:2:19, 17:6:21.180, 0,  0.00000,    0.00000, 0, -80, 4.2, 1.479, 3, 164
2019-02-11 17:06:28.677401, , rf>12, 123, 339260271, -1, 0, 4077, 9:1:80, 22:14:8.291, 0,  0.00000,    0.00000, 0, -96, 4.2, 1.167, 3, 164
2019-02-11 17:06:31.720171, , rf>11, 126, 250793787, 593, 1, 3299, 11:2:19, 17:6:25.374, 0,  0.00000,    0.00000, 0, -79, 4.2, 1.582, 3, 547
2019-02-11 17:06:32.079451, , rf>12, 124, 339265324, -1, 0, 3224, 9:1:80, 22:14:12.346, 0,  0.00000,    0.00000, 0, -96, 4.2, 1.047, 3, 976
2019-02-11 17:06:35.467703, , rf>12, 125, 339268712, -1, 0, 3237, 9:1:80, 22:14:16.745, 0,  0.00000,    0.00000, 0, -100, 4.2, 1.170, 3, 164
2019-02-11 17:06:36.377455, , rf>11, 127, 250797250, 741, 1, 4489, 11:2:19, 17:6:29.850, 0,  0.00000,    0.00000, 0, -77, 4.2, 1.479, 3, 164
2019-02-11 17:06:40.202029, , rf>11, 128, 250801903, -1, 0, 3669, 11:2:19, 17:6:34.505, 0,  0.00000,    0.00000, 0, -79, 4.2, 1.308, 3, 164
2019-02-11 17:06:41.017410, , rf>12, 126, 339272113, -1, 0, 4685, 9:1:80, 22:14:19.140, 0,  0.00000,    0.00000, 0, -91, 4.2, 1.205, 3, 164
2019-02-11 17:06:44.106103, , rf>11, 129, 250805736, 348, 1, 3748, 11:2:19, 17:6:38.667, 0,  0.00000,    0.00000, 0, -79, 4.2, 0.000, 3, 164
2019-02-11 17:06:44.320323, , rf>12, 127, 339277673, -1, 0, 3116, 9:1:80, 22:14:24.693, 0,  0.00000,    0.00000, 0, -97, 4.2, 1.334, 3, 875
2019-02-11 17:06:48.007004, , rf>12, 128, 339280953, -1, 0, 3511, 9:1:80, 22:14:28.995, 0,  0.00000,    0.00000, 0, -100, 4.2, 1.237, 3, 164
2019-02-11 17:06:48.199715, , rf>11, 130, 250809648, 254, 1, 3908, 11:2:19, 17:6:42.251, 0,  0.00000,    0.00000, 0, -79, 4.2, 1.363, 3, 164
2019-02-11 17:06:52.697630, , rf>12, 129, 339284628, -1, 0, 4553, 9:1:80, 22:14:32.653, 0,  0.00000,    0.00000, 0, -90, 4.2, 1.199, 3, 164
2019-02-11 17:06:53.261961, , rf>11, 131, 250813720, 746, 1, 4899, 11:2:19, 17:6:46.324, 0,  0.00000,    0.00000, 0, -79, 4.2, 1.038, 3, 164
2019-02-11 17:06:56.668064, , rf>11, 132, 250818783, 324, 1, 3256, 11:2:19, 17:6:51.400, 0,  0.00000,    0.00000, 0, -79, 4.2, 1.550, 3, 164
2019-02-11 17:06:57.324543, , rf>12, 130, 339289345, 586, 1, 4463, 9:1:80, 22:14:37.383, 0,  0.00000,    0.00000, 0, -95, 4.2, 1.489, 3, 164
2019-02-11 17:07:00.083391, , rf>11, 133, 250822203, 683, 1, 3217, 11:2:19, 17:6:54.822, 0,  0.00000,    0.00000, 0, -79, 4.2, 1.376, 3, 164
2019-02-11 17:07:02.059383, , rf>12, 131, 339293972, 448, 1, 4560, 9:1:80, 22:14:41.12, 0,  0.00000,    0.00000, 0, -95, 4.2, 1.225, 3, 164
2019-02-11 17:07:04.709149, , rf>11, 134, 250825584, 350, 1, 4475, 11:2:19, 17:6:58.204, 0,  0.00000,    0.00000, 0, -80, 4.2, 1.260, 3, 164
2019-02-11 17:07:06.527758, , rf>12, 132, 339298696, -1, 0, 4284, 9:1:80, 22:14:46.729, 0,  0.00000,    0.00000, 0, -97, 4.2, 1.160, 3, 164
2019-02-11 17:07:08.503833, , rf>11, 135, 250830223, 309, 1, 3611, 11:2:19, 17:7:2.835, 0,  0.00000,    0.00000, 0, -77, 4.2, 1.453, 3, 164
2019-02-11 17:07:10.401973, , rf>12, 133, 339303144, -1, 0, 3695, 9:1:80, 22:14:51.189, 0,  0.00000,    0.00000, 0, -95, 4.2, 1.154, 3, 164
2019-02-11 17:07:13.161365, , rf>11, 136, 250833998, 1428, 1, 4505, 11:2:19, 17:7:6.613, 0,  0.00000,    0.00000, 0, -77, 4.2, 1.196, 3, 164
2019-02-11 17:07:13.569330, , rf>12, 134, 339307003, -1, 0, 3039, 9:1:80, 22:14:54.40, 0,  0.00000,    0.00000, 0, -95, 4.2, 1.109, 3, 164
2019-02-11 17:07:17.269686, , rf>11, 137, 250838667, -1, 0, 3965, 11:2:19, 17:7:11.294, 0,  0.00000,    0.00000, 0, -77, 4.2, 1.179, 3, 164
2019-02-11 17:07:18.554528, , rf>12, 135, 339310206, -1, 0, 4815, 9:1:80, 22:14:58.245, 0,  0.00000,    0.00000, 0, -97, 4.2, 1.131, 3, 164
2019-02-11 17:07:21.551780, , rf>11, 138, 250842796, 2581, 1, 4074, 11:2:19, 17:7:15.425, 0,  0.00000,    0.00000, 0, -77, 4.2, 1.292, 3, 164
2019-02-11 17:07:21.770448, , rf>12, 136, 339315185, -1, 0, 3039, 9:1:80, 22:15:3.236, 0,  0.00000,    0.00000, 0, -98, 4.2, 1.128, 3, 164
2019-02-11 17:07:25.721918, , rf>11, 139, 250847034, 352, 2, 4025, 11:2:19, 17:7:19.655, 0,  0.00000,    0.00000, 0, -79, 4.2, 1.005, 3, 164
2019-02-11 17:07:26.489106, , rf>12, 137, 339318388, -1, 0, 4524, 9:1:80, 22:15:6.449, 0,  0.00000,    0.00000, 0, -98, 4.2, 1.057, 3, 164
2019-02-11 17:07:29.813244, , rf>12, 138, 339323076, 737, 1, 3175, 9:1:80, 22:15:10.119, 0,  0.00000,    0.00000, 0, -97, 4.2, 1.363, 3, 164
2019-02-11 17:07:30.250640, , rf>11, 140, 250851223, 820, 1, 4382, 11:2:19, 17:7:23.856, 0,  0.00000,    0.00000, 0, -80, 4.2, 0.996, 3, 164
2019-02-11 17:07:33.231265, , rf>12, 139, 339326415, -1, 0, 3253, 9:1:80, 22:15:14.480, 0,  0.00000,    0.00000, 0, -99, 4.2, 1.183, 3, 164
2019-02-11 17:07:35.081464, , rf>11, 141, 250855769, 20, 1, 4655, 11:2:19, 17:7:28.411, 0,  0.00000,    0.00000, 0, -80, 4.2, 0.000, 3, 164
2019-02-11 17:07:37.512447, , rf>12, 140, 339329832, -1, 0, 4127, 9:1:80, 22:15:17.889, 0,  0.00000,    0.00000, 0, -95, 4.2, 1.067, 3, 164
2019-02-11 17:07:39.127227, , rf>11, 142, 250860588, 289, 1, 3863, 11:2:19, 17:7:33.217, 0,  0.00000,    0.00000, 0, -80, 4.2, 1.121, 3, 164
2019-02-11 17:07:42.434833, , rf>12, 141, 339334123, 377, 1, 4770, 9:1:80, 22:15:22.191, 0,  0.00000,    0.00000, 0, -95, 4.2, 1.289, 3, 164
2019-02-11 17:07:43.205286, , rf>11, 143, 250864615, 282, 1, 3927, 11:2:19, 17:7:37.245, 0,  0.00000,    0.00000, 0, -80, 4.2, 1.070, 3, 164
2019-02-11 17:07:45.885476, , rf>12, 142, 339339057, 464, 1, 3274, 9:1:80, 22:15:26.128, 0,  0.00000,    0.00000, 0, -98, 4.2, 0.976, 3, 164
2019-02-11 17:07:48.049514, , rf>11, 144, 250868706, 138, 1, 4678, 11:2:19, 17:7:41.349, 0,  0.00000,    0.00000, 0, -79, 4.2, 1.054, 3, 164
2019-02-11 17:07:50.652727, , rf>12, 143, 339342495, -1, 0, 4627, 9:1:80, 22:15:30.550, 0,  0.00000,    0.00000, 0, -96, 4.2, 1.096, 3, 164
2019-02-11 17:07:52.392578, , rf>11, 145, 250873548, 425, 1, 4151, 11:2:19, 17:7:46.192, 0,  0.00000,    0.00000, 0, -80, 4.2, 1.302, 3, 164
2019-02-11 17:07:53.927941, , rf>12, 144, 339347286, -1, 0, 3070, 9:1:80, 22:15:35.353, 0,  0.00000,    0.00000, 0, -96, 4.2, 1.076, 3, 164
2019-02-11 17:07:56.563500, , rf>11, 146, 250877863, 481, 1, 4029, 11:2:19, 17:7:50.498, 0,  0.00000,    0.00000, 0, -79, 4.2, 1.363, 3, 164
2019-02-11 17:07:57.488464, , rf>12, 145, 339350520, -1, 0, 3039, 9:1:80, 22:15:38.596, 0,  0.00000,    0.00000, 0, -96, 4.2, 1.157, 3, 164
2019-02-11 17:08:00.233198, , rf>11, 147, 250882056, 446, 1, 3516, 11:2:19, 17:7:54.705, 0,  0.00000,    0.00000, 0, -80, 4.2, 1.515, 3, 164
2019-02-11 17:08:02.442838, , rf>12, 146, 339354085, -1, 0, 4795, 9:1:80, 22:15:41.154, 0,  0.00000,    0.00000, 0, -95, 4.2, 1.086, 3, 526
2019-02-11 17:08:04.683923, , rf>11, 148, 250885736, 524, 1, 4273, 11:2:19, 17:7:58.386, 0,  0.00000,    0.00000, 0, -79, 4.2, 1.302, 3, 164
2019-02-11 17:08:06.942445, , rf>12, 147, 339359044, -1, 0, 4329, 9:1:80, 22:15:46.107, 0,  0.00000,    0.00000, 0, -95, 4.2, 1.086, 3, 164
2019-02-11 17:08:08.213159, , rf>11, 149, 250890173, 230, 1, 3378, 11:2:19, 17:8:2.825, 0,  0.00000,    0.00000, 0, -79, 4.2, 1.005, 3, 164
2019-02-11 17:08:10.108547, , rf>12, 148, 339363537, -1, 0, 3016, 9:1:80, 22:15:51.613, 0,  0.00000,    0.00000, 0, -93, 4.2, 1.038, 3, 164
2019-02-11 17:08:11.992142, , rf>11, 150, 250893715, 874, 1, 3593, 11:2:19, 17:8:6.369, 0,  0.00000,    0.00000, 0, -79, 4.2, 0.967, 3, 164
2019-02-11 17:08:14.405049, , rf>12, 149, 339366717, 740, 1, 4090, 9:1:80, 22:15:54.784, 0,  0.00000,    0.00000, 0, -93, 4.2, 1.234, 3, 164
2019-02-11 17:08:16.823334, , rf>11, 151, 250897472, 645, 1, 4672, 11:2:19, 17:8:9.122, 0,  0.00000,    0.00000, 0, -79, 4.2, 1.044, 3, 164
2019-02-11 17:08:17.856400, , rf>12, 150, 339370971, 541, 1, 3312, 9:1:80, 22:15:58.59, 0,  0.00000,    0.00000, 0, -96, 4.2, 1.073, 3, 164
2019-02-11 17:08:20.804656, , rf>11, 152, 250902308, 264, 1, 3803, 11:2:19, 17:8:14.967, 0,  0.00000,    0.00000, 0, -79, 4.2, 1.051, 3, 164
2019-02-11 17:08:22.307968, , rf>12, 151, 339374447, -1, 0, 4282, 9:1:80, 22:16:2.537, 0,  0.00000,    0.00000, 0, -96, 4.2, 1.054, 3, 164
2019-02-11 17:08:25.338582, , rf>11, 153, 250906275, 448, 1, 4364, 11:2:19, 17:8:18.917, 0,  0.00000,    0.00000, 0, -77, 4.2, 1.150, 3, 164
2019-02-11 17:08:26.606320, , rf>12, 152, 339378893, -1, 0, 4139, 9:1:80, 22:16:6.967, 0,  0.00000,    0.00000, 0, -93, 4.2, 1.083, 3, 164
2019-02-11 17:08:29.349818, , rf>11, 154, 250910803, 305, 1, 3860, 11:2:19, 17:8:23.466, 0,  0.00000,    0.00000, 0, -77, 4.2, 1.080, 3, 164
2019-02-11 17:08:31.403701, , rf>12, 153, 339383196, -1, 0, 4626, 9:1:80, 22:16:11.282, 0,  0.00000,    0.00000, 0, -93, 4.2, 1.128, 3, 164
2019-02-11 17:08:34.022967, , rf>11, 155, 250914827, 2368, 1, 4512, 11:2:19, 17:8:27.485, 0,  0.00000,    0.00000, 0, -79, 4.2, 1.125, 3, 164
2019-02-11 17:08:35.527256, , rf>12, 154, 339387986, -1, 0, 3951, 9:1:80, 22:16:15.73, 0,  0.00000,    0.00000, 0, -95, 4.2, 1.125, 3, 164
2019-02-11 17:08:37.720332, , rf>11, 156, 250919503, 558, 1, 3118, 11:2:19, 17:8:31.169, 0,  0.00000,    0.00000, 0, -79, 4.2, 1.067, 3, 164
2019-02-11 17:08:38.838317, , rf>12, 155, 339392101, 711, 1, 3163, 9:1:80, 22:16:19.190, 0,  0.00000,    0.00000, 0, -93, 4.2, 1.189, 3, 164
2019-02-11 17:08:41.047394, , rf>11, 157, 250923182, 301, 1, 3170, 11:2:19, 17:8:35.852, 0,  0.00000,    0.00000, 0, -77, 4.2, 1.051, 3, 561
2019-02-11 17:08:43.037824, , rf>12, 156, 339395428, -1, 0, 4023, 9:1:80, 22:16:23.520, 0,  0.00000,    0.00000, 0, -92, 4.2, 1.067, 3, 164
2019-02-11 17:08:45.499250, , rf>11, 158, 250926516, 271, 2, 4272, 11:2:19, 17:8:38.189, 0,  0.00000,    0.00000, 0, -79, 4.2, 1.063, 3, 164
2019-02-11 17:08:47.398634, , rf>12, 157, 339399615, 693, 1, 4182, 9:1:80, 22:16:27.709, 0,  0.00000,    0.00000, 0, -93, 4.2, 1.173, 3, 164
2019-02-11 17:08:49.184824, , rf>11, 159, 250930952, 334, 1, 3536, 11:2:19, 17:8:43.617, 0,  0.00000,    0.00000, 0, -79, 4.2, 0.996, 3, 164
2019-02-11 17:08:50.767433, , rf>12, 158, 339403961, 591, 1, 3208, 9:1:80, 22:16:31.57, 0,  0.00000,    0.00000, 0, -93, 4.2, 1.263, 3, 164
2019-02-11 17:08:53.448806, , rf>11, 160, 250934652, 330, 1, 4077, 11:2:19, 17:8:47.314, 0,  0.00000,    0.00000, 0, -77, 4.2, 0.841, 3, 164
2019-02-11 17:08:55.503542, , rf>12, 159, 339407333, 707, 1, 4585, 9:1:80, 22:16:35.430, 0,  0.00000,    0.00000, 0, -93, 4.2, 1.408, 3, 164
2019-02-11 17:08:57.511416, , rf>11, 161, 250938893, 743, 1, 3901, 11:2:19, 17:8:51.568, 0,  0.00000,    0.00000, 0, -79, 4.2, 1.051, 3, 164
2019-02-11 17:09:00.161195, , rf>12, 160, 339412082, 684, 1, 4496, 9:1:80, 22:16:40.191, 0,  0.00000,    0.00000, 0, -93, 4.2, 1.076, 3, 164
2019-02-11 17:09:00.912435, , rf>11, 162, 250942958, 258, 1, 3237, 11:2:19, 17:8:55.644, 0,  0.00000,    0.00000, 0, -79, 4.2, 1.012, 3, 164
2019-02-11 17:09:04.897244, , rf>12, 161, 339416742, 487, 1, 4562, 9:1:80, 22:16:44.834, 0,  0.00000,    0.00000, 0, -91, 4.2, 1.218, 3, 164
2019-02-11 17:09:05.225292, , rf>11, 163, 250946359, 612, 1, 4141, 11:2:19, 17:8:58.45, 0,  0.00000,    0.00000, 0, -79, 4.2, 1.138, 3, 164
2019-02-11 17:09:08.502879, , rf>11, 164, 250950664, 222, 1, 3116, 11:2:19, 17:9:3.349, 0,  0.00000,    0.00000, 0, -79, 4.2, 1.273, 3, 164
2019-02-11 17:09:08.737157, , rf>12, 162, 339421468, -1, 0, 3662, 9:1:80, 22:16:49.573, 0,  0.00000,    0.00000, 0, -95, 4.2, 1.212, 3, 164
2019-02-11 17:09:12.250189, , rf>12, 163, 339425294, 608, 1, 3354, 9:1:80, 22:16:53.657, 0,  0.00000,    0.00000, 0, -92, 4.2, 1.250, 3, 164
2019-02-11 17:09:12.878174, , rf>11, 165, 250953944, 237, 1, 4216, 11:2:19, 17:9:6.620, 0,  0.00000,    0.00000, 0, -79, 4.2, 1.044, 3, 164
2019-02-11 17:09:16.844087, , rf>12, 164, 339428812, -1, 0, 4435, 9:1:80, 22:16:56.929, 0,  0.00000,    0.00000, 0, -96, 4.2, 1.312, 3, 164
2019-02-11 17:09:17.535190, , rf>11, 166, 250958324, 323, 1, 4463, 11:2:19, 17:9:10.20, 0,  0.00000,    0.00000, 0, -79, 4.2, 1.283, 3, 164
2019-02-11 17:09:20.481455, , rf>12, 165, 339433411, -1, 0, 3477, 9:1:80, 22:17:1.520, 0,  0.00000,    0.00000, 0, -96, 4.2, 1.241, 3, 164
2019-02-11 17:09:22.235186, , rf>11, 167, 250962951, 423, 1, 4560, 11:2:19, 17:9:15.651, 0,  0.00000,    0.00000, 0, -77, 4.2, 1.569, 3, 164
2019-02-11 17:09:24.883906, , rf>12, 166, 339437052, -1, 0, 4223, 9:1:80, 22:17:4.164, 0,  0.00000,    0.00000, 0, -95, 4.2, 1.163, 3, 164
2019-02-11 17:09:26.707541, , rf>11, 168, 250967675, 1677, 1, 4284, 11:2:19, 17:9:20.377, 0,  0.00000,    0.00000, 0, -79, 4.2, 1.157, 3, 164
2019-02-11 17:09:28.524089, , rf>12, 167, 339441439, 770, 1, 3482, 9:1:80, 22:17:9.554, 0,  0.00000,    0.00000, 0, -95, 4.2, 1.286, 3, 164
2019-02-11 17:09:30.391916, , rf>11, 169, 250972123, 452, 1, 3550, 11:2:19, 17:9:24.826, 0,  0.00000,    0.00000, 0, -79, 4.2, 1.289, 3, 164
2019-02-11 17:09:33.072834, , rf>12, 168, 339445085, 565, 1, 4386, 9:1:80, 22:17:13.204, 0,  0.00000,    0.00000, 0, -97, 4.2, 0.964, 3, 164
2019-02-11 17:09:34.123279, , rf>11, 170, 250975837, 623, 1, 3527, 11:2:19, 17:9:28.543, 0,  0.00000,    0.00000, 0, -79, 4.2, 1.241, 3, 164
2019-02-11 17:09:36.773946, , rf>12, 169, 339449635, 458, 1, 3496, 9:1:80, 22:17:17.756, 0,  0.00000,    0.00000, 0, -99, 4.2, 0.922, 3, 164
2019-02-11 17:09:37.291207, , rf>11, 171, 250979528, 831, 1, 3039, 11:2:19, 17:9:32.236, 0,  0.00000,    0.00000, 0, -79, 4.2, 1.363, 3, 164
2019-02-11 17:09:41.209242, , rf>11, 172, 250982731, 801, 1, 3745, 11:2:19, 17:9:35.441, 0,  0.00000,    0.00000, 0, -79, 4.2, 1.176, 3, 164
2019-02-11 17:09:41.539236, , rf>12, 170, 339453295, -1, 0, 4599, 9:1:80, 22:17:21.420, 0,  0.00000,    0.00000, 0, -100, 4.2, 1.141, 3, 164
2019-02-11 17:09:44.738290, , rf>11, 173, 250986640, 824, 1, 3352, 11:2:19, 17:9:39.340, 0,  0.00000,    0.00000, 0, -79, 4.2, 1.118, 3, 164
2019-02-11 17:09:45.727130, , rf>12, 171, 339458058, 696, 1, 3533, 9:1:80, 22:17:26.196, 0,  0.00000,    0.00000, 0, -99, 4.2, 1.112, 3, 164
2019-02-11 17:09:47.954172, , rf>11, 174, 250990156, 382, 1, 3048, 11:2:19, 17:9:42.875, 0,  0.00000,    0.00000, 0, -79, 4.2, 1.357, 3, 164
2019-02-11 17:09:50.384460, , rf>12, 172, 339462238, 520, 1, 4511, 9:1:80, 22:17:29.368, 0,  0.00000,    0.00000, 0, -98, 4.2, 1.540, 3, 647
2019-02-11 17:09:52.449963, , rf>11, 175, 250993368, 356, 1, 4336, 11:2:19, 17:9:45.84, 0,  0.00000,    0.00000, 0, -79, 4.2, 1.415, 3, 164
2019-02-11 17:09:54.114973, , rf>12, 173, 339466913, 661, 1, 3581, 9:1:80, 22:17:34.58, 0,  0.00000,    0.00000, 0, -96, 4.2, 1.279, 3, 164
2019-02-11 17:09:57.360889, , rf>11, 176, 250997868, 587, 1, 4750, 11:2:19, 17:9:50.585, 0,  0.00000,    0.00000, 0, -79, 4.2, 1.134, 3, 164
2019-02-11 17:09:59.054658, , rf>12, 174, 339470658, 470, 1, 4771, 9:1:80, 22:17:38.805, 0,  0.00000,    0.00000, 0, -97, 4.2, 1.225, 3, 164
2019-02-11 17:10:02.002781, , rf>11, 177, 251002782, 433, 2, 4483, 11:2:19, 17:9:55.491, 0,  0.00000,    0.00000, 0, -77, 4.2, 1.447, 3, 164
2019-02-11 17:10:03.695953, , rf>12, 175, 339475593, -1, 0, 4453, 9:1:80, 22:17:43.736, 0,  0.00000,    0.00000, 0, -98, 4.2, 1.228, 3, 164
2019-02-11 17:10:05.341775, , rf>11, 178, 251007429, 650, 1, 3180, 11:2:19, 17:9:59.150, 0,  0.00000,    0.00000, 0, -80, 4.2, 1.179, 3, 164
2019-02-11 17:10:08.462193, , rf>12, 176, 339480210, -1, 0, 4611, 9:1:80, 22:17:48.363, 0,  0.00000,    0.00000, 0, -97, 4.2, 1.073, 3, 164
2019-02-11 17:10:09.340182, , rf>11, 179, 251010773, 79, 1, 3814, 11:2:19, 17:10:3.496, 0,  0.00000,    0.00000, 0, -80, 4.2, 0.000, 3, 164
2019-02-11 17:10:11.739674, , rf>12, 177, 339484985, -1, 0, 3112, 9:1:80, 22:17:52.123, 0,  0.00000,    0.00000, 0, -96, 4.2, 1.225, 3, 164
2019-02-11 17:10:13.824535, , rf>11, 180, 251014750, 470, 1, 4329, 11:2:19, 17:10:7.476, 0,  0.00000,    0.00000, 0, -79, 4.2, 1.241, 3, 163
2019-02-11 17:10:16.692987, , rf>12, 178, 339488261, -1, 0, 4781, 9:1:80, 22:17:56.401, 0,  0.00000,    0.00000, 0, -96, 4.2, 1.115, 3, 164
2019-02-11 17:10:18.623362, , rf>11, 181, 251019243, 379, 1, 4622, 11:2:19, 17:10:11.972, 0,  0.00000,    0.00000, 0, -79, 4.2, 1.273, 3, 164
2019-02-11 17:10:19.971679, , rf>12, 179, 339493206, -1, 0, 3115, 9:1:80, 22:18:1.358, 0,  0.00000,    0.00000, 0, -98, 4.2, 1.154, 3, 164
2019-02-11 17:10:23.390115, , rf>12, 180, 339496485, -1, 0, 3255, 9:1:80, 22:18:4.629, 0,  0.00000,    0.00000, 0, -98, 4.2, 1.273, 3, 164
2019-02-11 17:10:23.750192, , rf>11, 182, 251024029, 363, 2, 4964, 11:2:19, 17:10:16.750, 0,  0.00000,    0.00000, 0, -79, 4.2, 1.157, 3, 164
2019-02-11 17:10:27.262306, , rf>12, 181, 339499904, -1, 0, 3702, 9:1:80, 22:18:7.59, 0,  0.00000,    0.00000, 0, -97, 4.2, 1.225, 3, 164
2019-02-11 17:10:28.234670, , rf>11, 183, 251029157, 458, 1, 4311, 11:2:19, 17:10:21.890, 0,  0.00000,    0.00000, 0, -77, 4.2, 1.215, 3, 164
2019-02-11 17:10:30.429866, , rf>12, 182, 339503770, -1, 0, 3007, 9:1:80, 22:18:11.928, 0,  0.00000,    0.00000, 0, -96, 4.2, 1.186, 3, 164
2019-02-11 17:10:32.939945, , rf>11, 184, 251033632, 1850, 1, 4561, 11:2:19, 17:10:26.375, 0,  0.00000,    0.00000, 0, -79, 4.2, 1.263, 3, 164
2019-02-11 17:10:34.867512, , rf>12, 183, 339506941, 2158, 1, 4272, 9:1:80, 22:18:14.108, 0,  0.00000,    0.00000, 0, -96, 4.2, 1.150, 3, 164
2019-02-11 17:10:37.736105, , rf>11, 185, 251038357, -1, 0, 4626, 11:2:19, 17:10:30.85, 0,  0.00000,    0.00000, 0, -80, 4.2, 1.347, 3, 164
2019-02-11 17:10:39.696809, , rf>12, 184, 339511377, 467, 1, 4675, 9:1:80, 22:18:19.539, 0,  0.00000,    0.00000, 0, -96, 4.2, 1.196, 3, 164
2019-02-11 17:10:41.875324, , rf>11, 186, 251043147, 644, 1, 3951, 11:2:19, 17:10:35.887, 0,  0.00000,    0.00000, 0, -80, 4.2, 1.325, 3, 164
2019-02-11 17:10:44.196549, , rf>12, 185, 339516216, -1, 0, 4325, 9:1:80, 22:18:24.369, 0,  0.00000,    0.00000, 0, -99, 4.2, 1.170, 3, 164
2019-02-11 17:10:45.498147, , rf>11, 187, 251047262, -1, 0, 3483, 11:2:19, 17:10:39.997, 0,  0.00000,    0.00000, 0, -80, 4.2, 1.386, 3, 164
2019-02-11 17:10:47.363805, , rf>12, 186, 339520705, 374, 1, 3014, 9:1:80, 22:18:28.861, 0,  0.00000,    0.00000, 0, -97, 4.2, 0.999, 3, 164
2019-02-11 17:10:49.715997, , rf>11, 188, 251050909, 472, 2, 4023, 11:2:19, 17:10:43.645, 0,  0.00000,    0.00000, 0, -80, 4.2, 1.112, 3, 164
2019-02-11 17:10:51.768820, , rf>12, 187, 339523883, 563, 1, 4212, 9:1:80, 22:18:31.50, 0,  0.00000,    0.00000, 0, -97, 4.2, 1.389, 3, 164
2019-02-11 17:10:54.796480, , rf>11, 189, 251055096, 942, 1, 4943, 11:2:19, 17:10:47.841, 0,  0.00000,    0.00000, 0, -80, 4.2, 1.486, 3, 164
2019-02-11 17:10:56.474031, , rf>12, 188, 339528259, -1, 0, 4557, 9:1:80, 22:18:36.437, 0,  0.00000,    0.00000, 0, -96, 4.2, 1.147, 3, 164
2019-02-11 17:10:58.402174, , rf>11, 190, 251060203, 505, 1, 3440, 11:2:19, 17:10:52.943, 0,  0.00000,    0.00000, 0, -80, 4.2, 1.121, 3, 164
2019-02-11 17:11:00.957984, , rf>12, 189, 339532980, -1, 0, 4311, 9:1:80, 22:18:40.141, 0,  0.00000,    0.00000, 0, -95, 4.2, 1.131, 3, 164
2019-02-11 17:11:03.404368, , rf>11, 191, 251063807, 492, 1, 4832, 11:2:19, 17:10:56.549, 0,  0.00000,    0.00000, 0, -80, 4.2, 1.002, 3, 164
2019-02-11 17:11:04.769278, , rf>12, 190, 339537455, -1, 0, 3647, 9:1:80, 22:18:45.628, 0,  0.00000,    0.00000, 0, -97, 4.2, 1.089, 3, 164
2019-02-11 17:11:08.297454, , rf>11, 192, 251068803, 236, 2, 4713, 11:2:19, 17:11:1.545, 0,  0.00000,    0.00000, 0, -80, 4.2, 0.999, 3, 164
2019-02-11 17:11:09.314218, , rf>12, 191, 339541266, -1, 0, 4377, 9:1:80, 22:18:49.431, 0,  0.00000,    0.00000, 0, -97, 4.2, 1.086, 3, 164
2019-02-11 17:11:12.656248, , rf>11, 193, 251073680, 382, 1, 4191, 11:2:19, 17:11:6.424, 0,  0.00000,    0.00000, 0, -80, 4.2, 1.376, 3, 164
2019-02-11 17:11:13.892829, , rf>12, 192, 339545807, 499, 1, 3654, 9:1:80, 22:18:53.975, 0,  0.00000,    0.00000, 0, -98, 4.2, 0.986, 3, 164
2019-02-11 17:11:16.685512, , rf>11, 194, 251078035, 336, 1, 3878, 11:2:19, 17:11:10.784, 0,  0.00000,    0.00000, 0, -77, 4.2, 0.964, 3, 164
2019-02-11 17:11:17.453383, , rf>12, 193, 339550387, 620, 1, 3396, 9:1:80, 22:18:57.556, 0,  0.00000,    0.00000, 0, -97, 4.2, 1.279, 3, 926
2019-02-11 17:11:21.045115, , rf>12, 194, 339553947, 560, 1, 3411, 9:1:80, 22:19:1.119, 0,  0.00000,    0.00000, 0, -96, 4.2, 1.060, 3, 164
2019-02-11 17:11:21.420020, , rf>11, 195, 251082077, 20, 2, 4560, 11:2:19, 17:11:14.835, 0,  0.00000,    0.00000, 0, -79, 4.2, 0.000, 3, 164
2019-02-11 17:11:24.540803, , rf>12, 195, 339557522, -1, 0, 3342, 9:1:80, 22:19:5.715, 0,  0.00000,    0.00000, 0, -96, 4.2, 1.257, 3, 164
2019-02-11 17:11:25.072787, , rf>11, 196, 251086801, 581, 1, 3477, 11:2:19, 17:11:19.553, 0,  0.00000,    0.00000, 0, -79, 4.2, 1.267, 3, 164
2019-02-11 17:11:28.524205, , rf>11, 197, 251090442, 615, 1, 3296, 11:2:19, 17:11:23.204, 0,  0.00000,    0.00000, 0, -79, 4.2, 1.392, 3, 164
2019-02-11 17:11:29.683847, , rf>12, 196, 339561028, 482, 1, 4975, 9:1:80, 22:19:9.215, 0,  0.00000,    0.00000, 0, -93, 4.2, 1.109, 3, 164
2019-02-11 17:11:33.153966, , rf>11, 198, 251093902, 314, 2, 4459, 11:2:19, 17:11:26.665, 0,  0.00000,    0.00000, 0, -79, 4.2, 1.431, 3, 164
2019-02-11 17:11:33.761093, , rf>12, 197, 339566167, 548, 1, 3912, 9:1:80, 22:19:14.357, 0,  0.00000,    0.00000, 0, -90, 4.2, 1.428, 3, 164
2019-02-11 17:11:37.195712, , rf>11, 199, 251098525, 382, 1, 3878, 11:2:19, 17:11:31.283, 0,  0.00000,    0.00000, 0, -77, 4.2, 1.566, 3, 164
2019-02-11 17:11:38.528523, , rf>12, 198, 339570243, -1, 0, 4593, 9:1:80, 22:19:18.436, 0,  0.00000,    0.00000, 0, -88, 4.2, 1.276, 3, 164
