2019-02-12 19:18:04.266137, , rf>11, 1, 345084799, -1, 0, 3701, 12:2:19, 19:17:58.710, 0,  0.00000,    0.00000, 0, -92, 4.2, 0.145, 3, 93982396
2019-02-12 19:18:04.733768, , rf>12, 1, 433555476, -1, 0, 4140, 11:1:80, 0:25:44.784, 0,  0.00000,    0.00000, 0, -86, 4.2, 0.219, 3, 93980640
2019-02-12 19:18:08.998940, , rf>11, 2, 345088664, -1, 0, 4563, 12:2:19, 19:18:2.211, 0,  0.00000,    0.00000, 0, -91, 4.2, 0.122, 3, 164
2019-02-12 19:18:09.538572, , rf>12, 2, 433559780, 942, 1, 4640, 11:1:80, 0:25:48.128, 0,  0.00000,    0.00000, 0, -86, 4.2, 0.084, 3, 164
2019-02-12 19:18:13.446859, , rf>12, 3, 433564584, 1552, 1, 3741, 11:1:80, 0:25:53.943, 0,  0.00000,    0.00000, 0, -85, 4.2, 0.097, 3, 164
2019-02-12 19:18:13.690545, , rf>11, 3, 345093391, -1, 0, 4511, 12:2:19, 19:18:6.940, 0,  0.00000,    0.00000, 0, -89, 4.2, 0.110, 3, 164
2019-02-12 19:18:16.883391, , rf>12, 4, 433568489, -1, 0, 3268, 11:1:80, 0:25:57.832, 0,  0.00000,    0.00000, 0, -85, 4.2, 0.135, 3, 164
2019-02-12 19:18:18.298092, , rf>11, 4, 345098066, -1, 0, 4439, 12:2:19, 19:18:11.631, 0,  0.00000,    0.00000, 0, -91, 4.2, 0.106, 3, 164
2019-02-12 19:18:20.084922, , rf>12, 5, 433571921, 380, 1, 3027, 11:1:80, 0:26:1.284, 0,  0.00000,    0.00000, 0, -81, 4.2, 0.084, 3, 164
2019-02-12 19:18:22.717771, , rf>11, 5, 345102669, -1, 0, 4265, 12:2:19, 19:18:16.236, 0,  0.00000,    0.00000, 0, -90, 4.2, 0.116, 3, 164
2019-02-12 19:18:24.780010, , rf>12, 6, 433575112, -1, 0, 4529, 11:1:80, 0:26:4.468, 0,  0.00000,    0.00000, 0, -82, 4.2, 0.313, 3, 164
2019-02-12 19:18:27.830868, , rf>11, 6, 345107098, -1, 0, 4943, 12:2:19, 19:18:20.671, 0,  0.00000,    0.00000, 0, -89, 4.2, 0.110, 3, 164
2019-02-12 19:18:28.777008, , rf>12, 7, 433579805, -1, 0, 3828, 11:1:80, 0:26:8.164, 0,  0.00000,    0.00000, 0, -82, 4.2, 0.251, 3, 164
2019-02-12 19:18:31.957206, , rf>12, 8, 433583797, -1, 0, 3015, 11:1:80, 0:26:12.156, 0,  0.00000,    0.00000, 0, -82, 4.2, 0.213, 3, 164
2019-02-12 19:18:32.466667, , rf>11, 7, 345112205, -1, 0, 4453, 12:2:19, 19:18:25.782, 0,  0.00000,    0.00000, 0, -88, 4.2, 0.110, 3, 164
2019-02-12 19:18:36.029100, , rf>12, 9, 433586976, -1, 0, 3911, 11:1:80, 0:26:16.338, 0,  0.00000,    0.00000, 0, -83, 4.2, 0.068, 3, 164
2019-02-12 19:18:37.258014, , rf>11, 8, 345116822, -1, 0, 4611, 12:2:19, 19:18:30.400, 0,  0.00000,    0.00000, 0, -93, 4.2, 0.103, 3, 164
2019-02-12 19:18:40.217434, , rf>12, 10, 433591051, -1, 0, 4028, 11:1:80, 0:26:20.414, 0,  0.00000,    0.00000, 0, -85, 4.2, 0.110, 3, 164
2019-02-12 19:18:40.515890, , rf>11, 9, 345121597, -1, 0, 3112, 12:2:19, 19:18:34.181, 0,  0.00000,    0.00000, 0, -93, 4.2, 0.119, 3, 164
2019-02-12 19:18:44.945550, , rf>12, 11, 433595243, -1, 0, 4560, 11:1:80, 0:26:24.609, 0,  0.00000,    0.00000, 0, -84, 4.2, 0.574, 3, 164
2019-02-12 19:18:45.460825, , rf>11, 10, 345124873, -1, 0, 4781, 12:2:19, 19:18:38.446, 0,  0.00000,    0.00000, 0, -89, 4.2, 0.103, 3, 164
2019-02-12 19:18:48.323010, , rf>12, 12, 433599967, -1, 0, 3211, 11:1:80, 0:26:29.324, 0,  0.00000,    0.00000, 0, -84, 4.2, 0.574, 3, 164
2019-02-12 19:18:48.743589, , rf>11, 11, 345129818, -1, 0, 3115, 12:2:19, 19:18:43.403, 0,  0.00000,    0.00000, 0, -89, 4.2, 0.129, 3, 164
2019-02-12 19:18:52.159837, , rf>11, 12, 345133097, -1, 0, 3255, 12:2:19, 19:18:46.683, 0,  0.00000,    0.00000, 0, -89, 4.2, 0.122, 3, 164
2019-02-12 19:18:53.191015, , rf>12, 13, 433603342, 604, 2, 4684, 11:1:80, 0:26:32.713, 0,  0.00000,    0.00000, 0, -84, 4.2, 0.093, 3, 164
2019-02-12 19:18:56.035005, , rf>11, 13, 345136516, -1, 0, 3702, 12:2:19, 19:18:49.103, 0,  0.00000,    0.00000, 0, -92, 4.2, 0.116, 3, 164
2019-02-12 19:18:57.444064, , rf>12, 14, 433608190, 2520, 1, 4092, 11:1:80, 0:26:37.555, 0,  0.00000,    0.00000, 0, -83, 4.2, 0.245, 3, 164
2019-02-12 19:18:59.204945, , rf>11, 14, 345140382, -1, 0, 3007, 12:2:19, 19:18:53.975, 0,  0.00000,    0.00000, 0, -91, 4.2, 0.132, 3, 164
2019-02-12 19:19:01.815159, , rf>12, 15, 433612446, 1145, 2, 4206, 11:1:80, 0:26:41.815, 0,  0.00000,    0.00000, 0, -84, 4.2, 0.100, 3, 164
2019-02-12 19:19:03.645458, , rf>11, 15, 345143553, -1, 0, 4272, 12:2:19, 19:18:56.145, 0,  0.00000,    0.00000, 0, -95, 4.2, 0.122, 3, 164
2019-02-12 19:19:05.876805, , rf>12, 16, 433616816, -1, 0, 3895, 11:1:80, 0:26:46.197, 0,  0.00000,    0.00000, 0, -83, 4.2, 0.242, 3, 164
2019-02-12 19:19:06.808424, , rf>11, 16, 345147989, -1, 0, 3007, 12:2:19, 19:19:1.583, 0,  0.00000,    0.00000, 0, -89, 4.2, 0.158, 3, 164
2019-02-12 19:19:10.617661, , rf>12, 17, 433620875, -1, 0, 4565, 11:1:80, 0:26:50.260, 0,  0.00000,    0.00000, 0, -82, 4.2, 0.670, 3, 164
2019-02-12 19:19:11.015411, , rf>11, 17, 345151160, -1, 0, 4038, 12:2:19, 19:19:4.756, 0,  0.00000,    0.00000, 0, -88, 4.2, 0.155, 3, 164
2019-02-12 19:19:14.075621, , rf>12, 18, 433625604, -1, 0, 3299, 11:1:80, 0:26:54.992, 0,  0.00000,    0.00000, 0, -82, 4.2, 0.483, 3, 164
2019-02-12 19:19:15.475980, , rf>11, 18, 345155362, -1, 0, 4285, 12:2:19, 19:19:8.963, 0,  0.00000,    0.00000, 0, -88, 4.2, 0.135, 3, 164
2019-02-12 19:19:18.744228, , rf>12, 19, 433629067, -1, 0, 4498, 11:1:80, 0:26:58.457, 0,  0.00000,    0.00000, 0, -83, 4.2, 0.139, 3, 164
2019-02-12 19:19:20.373289, , rf>11, 19, 345159811, -1, 0, 4725, 12:2:19, 19:19:13.401, 0,  0.00000,    0.00000, 0, -89, 4.2, 0.126, 3, 164
2019-02-12 19:19:22.139066, , rf>12, 20, 433633729, -1, 0, 3229, 11:1:80, 0:27:2.123, 0,  0.00000,    0.00000, 0, -83, 4.2, 0.103, 3, 164
2019-02-12 19:19:24.735090, , rf>11, 20, 345164700, -1, 0, 4212, 12:2:19, 19:19:18.291, 0,  0.00000,    0.00000, 0, -90, 4.2, 0.145, 3, 164
2019-02-12 19:19:26.678252, , rf>12, 21, 433637122, -1, 0, 4368, 11:1:80, 0:27:6.528, 0,  0.00000,    0.00000, 0, -82, 4.2, 0.558, 3, 164
2019-02-12 19:19:28.855411, , rf>11, 21, 345169076, -1, 0, 3950, 12:2:19, 19:19:22.670, 0,  0.00000,    0.00000, 0, -90, 4.2, 0.132, 3, 164
2019-02-12 19:19:31.410492, , rf>12, 22, 433641654, -1, 0, 4569, 11:1:80, 0:27:10.44, 0,  0.00000,    0.00000, 0, -83, 4.2, 0.216, 3, 164
2019-02-12 19:19:33.557978, , rf>11, 22, 345173190, -1, 0, 4553, 12:2:19, 19:19:26.787, 0,  0.00000,    0.00000, 0, -90, 4.2, 0.129, 3, 164
2019-02-12 19:19:35.054525, , rf>12, 23, 433646387, -1, 0, 3483, 11:1:80, 0:27:15.789, 0,  0.00000,    0.00000, 0, -83, 4.2, 0.090, 3, 164
2019-02-12 19:19:38.498383, , rf>11, 23, 345177907, -1, 0, 4761, 12:2:19, 19:19:31.515, 0,  0.00000,    0.00000, 0, -90, 4.2, 0.126, 3, 164
2019-02-12 19:19:40.012857, , rf>12, 24, 433650034, 1317, 1, 4802, 11:1:80, 0:27:19.428, 0,  0.00000,    0.00000, 0, -82, 4.2, 0.110, 3, 164
2019-02-12 19:19:42.881685, , rf>11, 24, 345182832, -1, 0, 4206, 12:2:19, 19:19:36.431, 0,  0.00000,    0.00000, 0, -91, 4.2, 0.126, 3, 164
2019-02-12 19:19:43.579628, , rf>12, 25, 433655000, 1390, 1, 3392, 11:1:80, 0:27:24.405, 0,  0.00000,    0.00000, 0, -83, 4.2, 0.090, 3, 164
2019-02-12 19:19:48.025330, , rf>11, 25, 345187202, -1, 0, 4975, 12:2:19, 19:19:40.814, 0,  0.00000,    0.00000, 0, -90, 4.2, 0.113, 3, 164
2019-02-12 19:19:48.619359, , rf>12, 26, 433658556, -1, 0, 4866, 11:1:80, 0:27:27.952, 0,  0.00000,    0.00000, 0, -83, 4.2, 0.074, 3, 164
2019-02-12 19:19:52.514267, , rf>11, 26, 345192341, -1, 0, 4333, 12:2:19, 19:19:45.958, 0,  0.00000,    0.00000, 0, -89, 4.2, 0.139, 3, 164
2019-02-12 19:19:52.823385, , rf>12, 27, 433663586, -1, 0, 4043, 11:1:80, 0:27:32.995, 0,  0.00000,    0.00000, 0, -83, 4.2, 0.084, 3, 164
2019-02-12 19:19:55.979725, , rf>11, 27, 345196838, -1, 0, 3299, 12:2:19, 19:19:50.457, 0,  0.00000,    0.00000, 0, -89, 4.2, 0.151, 3, 164
2019-02-12 19:19:56.385476, , rf>12, 28, 433667793, -1, 0, 3416, 11:1:80, 0:27:37.194, 0,  0.00000,    0.00000, 0, -84, 4.2, 0.248, 3, 164
2019-02-12 19:20:00.903816, , rf>12, 29, 433671373, -1, 0, 3199, 11:1:80, 0:27:40.786, 0,  0.00000,    0.00000, 0, -82, 4.2, 0.409, 3, 164
2019-02-12 19:20:04.706847, , rf>11, 29, 345205520, -1, 0, 3342, 12:2:19, 19:19:57.141, 0,  0.00000,    0.00000, 0, -90, 4.2, 0.145, 3, 1619
2019-02-12 19:20:05.727018, d, rf>12, 30, 433675868, -1, 0, 4648, 11:1:80, 0:27:43.273, 0,  0.00000,    0.00000, 0, -84, 4.2, 0.116, 3, 1296
2019-02-12 19:20:09.852953, d, rf>11, 30, 345209026, -1, 0, 4975, 12:2:19, 19:20:2.641, 0,  0.00000,    0.00000, 0, -92, 4.2, 0.113, 3, 164
2019-02-12 19:20:10.591587, d, rf>12, 31, 433680680, -1, 0, 4700, 11:1:80, 0:27:49.89, 0,  0.00000,    0.00000, 0, -83, 4.2, 0.071, 3, 164
2019-02-12 19:20:13.802363, d, rf>12, 32, 433685544, -1, 0, 3061, 11:1:80, 0:27:54.965, 0,  0.00000,    0.00000, 0, -83, 4.2, 0.090, 3, 164
2019-02-12 19:20:14.034137, d, rf>11, 31, 345214165, -1, 0, 4014, 12:2:19, 19:20:7.792, 0,  0.00000,    0.00000, 0, -91, 4.2, 0.139, 3, 164
2019-02-12 19:20:17.483458, p, rf>11, 32, 345218343, -1, 0, 3279, 12:2:19, 19:20:11.962, 0,  0.00000,    0.00000, 0, -92, 4.2, 0.142, 3, 164
2019-02-12 19:20:18.031607, p, rf>12, 33, 433688769, -1, 0, 4053, 11:1:80, 0:27:58.192, 0,  0.00000,    0.00000, 0, -83, 4.2, 0.074, 3, 164
2019-02-12 19:20:21.077853, r, rf>11, 33, 345221786, -1, 0, 3436, 12:2:19, 19:20:15.420, 0,  0.00000,    0.00000, 0, -91, 4.2, 0.142, 3, 164
2019-02-12 19:20:22.962963, r, rf>12, 34, 433692986, -1, 0, 4757, 11:1:80, 0:28:2.412, 0,  0.00000,    0.00000, 0, -83, 4.2, 0.081, 3, 164
2019-02-12 19:20:25.055624, r, rf>11, 34, 345225386, -1, 0, 3809, 12:2:19, 19:20:18.22, 0,  0.00000,    0.00000, 0, -90, 4.2, 0.135, 3, 164
2019-02-12 19:20:27.994973, r, rf>12, 35, 433697907, -1, 0, 4886, 11:1:80, 0:28:7.343, 0,  0.00000,    0.00000, 0, -82, 4.2, 0.168, 3, 164
2019-02-12 19:20:29.511872, r, rf>11, 35, 345229359, -1, 0, 4291, 12:2:19, 19:20:22.993, 0,  0.00000,    0.00000, 0, -89, 4.2, 0.135, 3, 164
2019-02-12 19:20:31.920986, r, rf>12, 36, 433702957, -1, 0, 3753, 11:1:80, 0:28:12.387, 0,  0.00000,    0.00000, 0, -83, 4.2, 0.093, 3, 164
2019-02-12 19:20:34.035646, r, rf>11, 36, 345233814, -1, 0, 4362, 12:2:19, 19:20:27.441, 0,  0.00000,    0.00000, 0, -90, 4.2, 0.126, 3, 164
2019-02-12 19:20:36.297842, r, rf>12, 37, 433706874, -1, 0, 4198, 11:1:80, 0:28:16.306, 0,  0.00000,    0.00000, 0, -83, 4.2, 0.100, 3, 164
2019-02-12 19:20:37.951329, r, rf>11, 37, 345238340, -1, 0, 3741, 12:2:19, 19:20:31.979, 0,  0.00000,    0.00000, 0, -92, 4.2, 0.135, 3, 164
2019-02-12 19:20:39.657195, r, rf>12, 38, 433711236, 3160, 1, 3200, 11:1:80, 0:28:20.670, 0,  0.00000,    0.00000, 0, -83, 4.2, 0.135, 3, 164
2019-02-12 19:20:41.710011, r, rf>11, 38, 345242245, -1, 0, 3591, 12:2:19, 19:20:35.876, 0,  0.00000,    0.00000, 0, -91, 4.2, 0.132, 3, 164
2019-02-12 19:20:44.296419, r, rf>12, 39, 433714600, -1, 0, 4473, 11:1:80, 0:28:23.27, 0,  0.00000,    0.00000, 0, -83, 4.2, 0.380, 3, 164
2019-02-12 19:20:45.805949, r, rf>11, 39, 345246000, -1, 0, 3930, 12:2:19, 19:20:39.632, 0,  0.00000,    0.00000, 0, -91, 4.2, 0.139, 3, 164
2019-02-12 19:20:48.588129, r, rf>12, 40, 433719237, -1, 0, 4135, 11:1:80, 0:28:28.675, 0,  0.00000,    0.00000, 0, -83, 4.2, 0.090, 3, 164
2019-02-12 19:20:50.088203, r, rf>11, 40, 345250094, -1, 0, 4134, 12:2:19, 19:20:43.738, 0,  0.00000,    0.00000, 0, -90, 4.2, 0.129, 3, 164
2019-02-12 19:20:53.225990, r, rf>12, 41, 433723536, -1, 0, 4467, 11:1:80, 0:28:32.977, 0,  0.00000,    0.00000, 0, -83, 4.2, 0.071, 3, 164
2019-02-12 19:20:54.751936,  , rf>11, 41, 345254392, -1, 0, 4488, 12:2:19, 19:20:47.28, 0,  0.00000,    0.00000, 0, -89, 4.2, 0.122, 3, 164
2019-02-12 19:20:56.491677,  , rf>12, 42, 433728167, -1, 0, 3102, 11:1:80, 0:28:37.600, 0,  0.00000,    0.00000, 0, -83, 4.2, 0.077, 3, 1642019-02-12 19:28:09.789416,  , rf>11, 1, 345690900, 1064, 1, 3015, 12:2:19, 19:28:4.924, 0,  0.00000,    0.00000, 0, -92, 4.1, 0.290, 3, 432020
2019-02-12 19:28:10.648586,  , rf>12, 1, 434161572, 1222, 1, 3849, 11:1:80, 0:35:51.21, 0,  0.00000,    0.00000, 0, -86, 4.2, 1.286, 3, 430303
2019-02-12 19:28:14.818335,  , rf>11, 2, 345694079, 605, 1, 4854, 12:2:19, 19:28:7.736, 0,  0.00000,    0.00000, 0, -93, 4.1, 0.261, 3, 164
2019-02-12 19:28:15.649793,  , rf>12, 2, 434165585, 589, 1, 4846, 11:1:80, 0:35:54.25, 0,  0.00000,    0.00000, 0, -86, 4.2, 1.305, 3, 164
2019-02-12 19:28:18.865753,  , rf>11, 3, 345699097, 407, 1, 3886, 12:2:19, 19:28:12.753, 0,  0.00000,    0.00000, 0, -92, 4.1, 0.287, 3, 164
2019-02-12 19:28:19.884399,  , rf>12, 3, 434170595, 330, 1, 4043, 11:1:80, 0:35:59.48, 0,  0.00000,    0.00000, 0, -86, 4.2, 1.450, 3, 164
2019-02-12 19:28:22.754298,  , rf>11, 4, 345703147, 234, 1, 3711, 12:2:19, 19:28:16.808, 0,  0.00000,    0.00000, 0, -93, 4.1, 0.293, 3, 164
2019-02-12 19:28:24.559162,  , rf>12, 4, 434174802, 581, 1, 4502, 11:1:80, 0:36:4.266, 0,  0.00000,    0.00000, 0, -86, 4.2, 1.089, 3, 164
2019-02-12 19:28:27.126102,  , rf>11, 5, 345707022, 303, 1, 4201, 12:2:19, 19:28:20.685, 0,  0.00000,    0.00000, 0, -93, 4.1, 0.274, 3, 164
2019-02-12 19:28:28.541725,  , rf>12, 5, 434179468, 426, 1, 3836, 11:1:80, 0:36:8.916, 0,  0.00000,    0.00000, 0, -86, 4.2, 1.105, 3, 164
2019-02-12 19:28:31.810780,  , rf>11, 6, 345711387, 251, 1, 4543, 12:2:19, 19:28:24.49, 0,  0.00000,    0.00000, 0, -96, 4.1, 0.332, 3, 164
2019-02-12 19:28:32.452968,  , rf>12, 6, 434183468, 1354, 1, 3738, 11:1:80, 0:36:12.935, 0,  0.00000,    0.00000, 0, -86, 4.2, 1.086, 3, 164
2019-02-12 19:28:35.791013,  , rf>12, 7, 434187370, 528, 1, 3189, 11:1:80, 0:36:16.820, 0,  0.00000,    0.00000, 0, -86, 4.2, 1.092, 3, 164
2019-02-12 19:28:36.301639,  , rf>11, 7, 345716094, 295, 1, 3823, 12:2:19, 19:28:29.748, 0,  0.00000,    0.00000, 0, -93, 4.1, 0.261, 3, 164
2019-02-12 19:28:39.552916,  , rf>11, 8, 345720575, 323, 1, 3079, 12:2:19, 19:28:33.245, 0,  0.00000,    0.00000, 0, -95, 4.1, 0.229, 3, 658
2019-02-12 19:28:40.489624,  , rf>12, 8, 434190723, 549, 1, 4509, 11:1:80, 0:36:20.194, 0,  0.00000,    0.00000, 0, -86, 4.2, 1.073, 3, 164
2019-02-12 19:28:43.338708,  , rf>11, 9, 345723818, 278, 1, 3618, 12:2:19, 19:28:37.486, 0,  0.00000,    0.00000, 0, -95, 4.1, 0.222, 3, 164
2019-02-12 19:28:45.005424,  , rf>12, 9, 434195396, 560, 1, 4350, 11:1:80, 0:36:24.870, 0,  0.00000,    0.00000, 0, -86, 4.2, 1.047, 3, 164
2019-02-12 19:28:46.725084,  , rf>11, 10, 345727600, 278, 1, 3229, 12:2:19, 19:28:41.276, 0,  0.00000,    0.00000, 0, -91, 4.1, 0.229, 3, 164
2019-02-12 19:28:49.873983,  , rf>12, 10, 434199910, 579, 1, 4705, 11:1:80, 0:36:29.378, 0,  0.00000,    0.00000, 0, -87, 4.2, 1.173, 3, 164
2019-02-12 19:28:51.837499,  , rf>11, 11, 345730993, 213, 1, 4950, 12:2:19, 19:28:44.659, 0,  0.00000,    0.00000, 0, -92, 4.1, 0.351, 3, 164
2019-02-12 19:28:54.027514,  , rf>12, 11, 434204779, 551, 1, 3997, 11:1:80, 0:36:34.239, 0,  0.00000,    0.00000, 0, -86, 4.2, 1.424, 3, 164
2019-02-12 19:28:56.327403,  , rf>11, 12, 345736107, 230, 1, 4322, 12:2:19, 19:28:49.784, 0,  0.00000,    0.00000, 0, -90, 4.1, 0.264, 3, 164
2019-02-12 19:28:58.553593,  , rf>12, 12, 434208940, 405, 1, 4366, 11:1:80, 0:36:38.421, 0,  0.00000,    0.00000, 0, -86, 4.2, 1.354, 3, 164
2019-02-12 19:29:01.303452,  , rf>11, 13, 345740593, 249, 1, 4802, 12:2:19, 19:28:54.278, 0,  0.00000,    0.00000, 0, -93, 4.1, 0.309, 3, 164
2019-02-12 19:29:03.547017,  , rf>12, 13, 434213470, 333, 1, 4809, 11:1:80, 0:36:42.944, 0,  0.00000,    0.00000, 0, -86, 4.2, 1.141, 3, 164
2019-02-12 19:29:04.853629,  , rf>11, 14, 345745559, 239, 1, 3392, 12:2:19, 19:28:59.233, 0,  0.00000,    0.00000, 0, -104, 4.1, 0.287, 3, 164
2019-02-12 19:29:07.366607,  , rf>12, 14, 434218443, 335, 1, 3656, 11:1:80, 0:36:47.927, 0,  0.00000,    0.00000, 0, -86, 4.2, 0.996, 3, 164
2019-02-12 19:29:09.895838,  , rf>11, 15, 345749115, 263, 1, 4866, 12:2:19, 19:29:2.792, 0,  0.00000,    0.00000, 0, -103, 4.1, 1.141, 3, 164
2019-02-12 19:29:11.511357,  , rf>12, 15, 434222263, 370, 1, 3983, 11:1:80, 0:36:51.731, 0,  0.00000,    0.00000, 0, -86, 4.2, 1.009, 3, 164
2019-02-12 19:29:14.222472,  , rf>11, 16, 345754145, 242, 1, 4150, 12:2:19, 19:29:7.834, 0,  0.00000,    0.00000, 0, -103, 4.1, 0.522, 3, 164
2019-02-12 19:29:15.529245,  , rf>12, 16, 434226410, 424, 1, 3862, 11:1:80, 0:36:55.881, 0,  0.00000,    0.00000, 0, -86, 4.2, 1.063, 3, 164
2019-02-12 19:29:19.158517,  , rf>11, 17, 345758459, 239, 1, 4767, 12:2:19, 19:29:11.156, 0,  0.00000,    0.00000, 0, -102, 4.1, 0.267, 3, 164
2019-02-12 19:29:19.672487,  , rf>12, 17, 434230436, 442, 1, 3960, 11:1:80, 0:36:59.909, 0,  0.00000,    0.00000, 0, -86, 4.2, 1.025, 3, 164
2019-02-12 19:29:22.994328,  , rf>12, 18, 434234560, 471, 1, 3175, 11:1:80, 0:37:3.52, 0,  0.00000,    0.00000, 0, -86, 4.2, 1.070, 3, 164
2019-02-12 19:29:26.843333,  , rf>12, 19, 434237899, 523, 1, 3675, 11:1:80, 0:37:7.754, 0,  0.00000,    0.00000, 0, -86, 4.2, 1.141, 3, 164
2019-02-12 19:29:28.648662,  , rf>11, 19, 345768796, 229, 1, 3914, 12:2:19, 19:29:20.499, 0,  0.00000,    0.00000, 0, -99, 4.1, 0.364, 3, 1560
2019-02-12 19:29:31.674998,  , rf>12, 20, 434241738, 1911, 1, 4652, 11:1:80, 0:37:11.227, 0,  0.00000,    0.00000, 0, -86, 4.2, 1.138, 3, 164
2019-02-12 19:29:33.067735,  , rf>11, 20, 345772874, 293, 1, 4258, 12:2:19, 19:29:26.569, 0,  0.00000,    0.00000, 0, -99, 4.1, 0.309, 3, 164
2019-02-12 19:29:35.624744,  , rf>12, 21, 434246554, 246, 1, 3788, 11:1:80, 0:37:15.54, 0,  0.00000,    0.00000, 0, -86, 4.2, 1.624, 3, 164
2019-02-12 19:29:37.963972,  , rf>11, 21, 345777296, 217, 1, 4757, 12:2:19, 19:29:30.992, 0,  0.00000,    0.00000, 0, -100, 4.1, 0.316, 3, 164
2019-02-12 19:29:39.070934,  , rf>12, 22, 434250506, 430, 1, 3273, 11:1:80, 0:37:19.9, 0,  0.00000,    0.00000, 0, -86, 4.2, 1.183, 3, 164
2019-02-12 19:29:42.552819,  , rf>11, 22, 345782217, 254, 1, 4420, 12:2:19, 19:29:35.916, 0,  0.00000,    0.00000, 0, -101, 4.1, 0.232, 3, 164
2019-02-12 19:29:43.732514,  , rf>12, 23, 434253943, 461, 1, 4516, 11:1:80, 0:37:23.431, 0,  0.00000,    0.00000, 0, -86, 4.2, 1.302, 3, 164
2019-02-12 19:29:46.807250,  , rf>11, 23, 345786801, 300, 1, 4069, 12:2:19, 19:29:40.510, 0,  0.00000,    0.00000, 0, -95, 4.1, 0.828, 3, 164
2019-02-12 19:29:48.156695,  , rf>12, 24, 434258623, 382, 1, 4247, 11:1:80, 0:37:27.113, 0,  0.00000,    0.00000, 0, -86, 4.2, 1.341, 3, 164
2019-02-12 19:29:50.167970,  , rf>11, 24, 345791034, 214, 1, 3200, 12:2:19, 19:29:44.745, 0,  0.00000,    0.00000, 0, -105, 4.1, 0.825, 3, 164
2019-02-12 19:29:53.079119,  , rf>12, 25, 434263034, 355, 1, 4757, 11:1:80, 0:37:32.538, 0,  0.00000,    0.00000, 0, -86, 4.2, 1.215, 3, 164
2019-02-12 19:29:54.804788,  , rf>11, 25, 345794398, 231, 1, 4473, 12:2:19, 19:29:47.102, 0,  0.00000,    0.00000, 0, -104, 4.1, 0.264, 3, 164
2019-02-12 19:29:56.981963,  , rf>12, 26, 434267955, 432, 1, 3728, 11:1:80, 0:37:37.470, 0,  0.00000,    0.00000, 0, -86, 4.2, 1.128, 3, 164
2019-02-12 19:29:58.435498,  , rf>11, 26, 345799035, 186, 1, 3461, 12:2:19, 19:29:52.750, 0,  0.00000,    0.00000, 0, -105, 4.1, 0.277, 3, 164
2019-02-12 19:30:01.830775,  , rf>12, 27, 434271847, 384, 1, 4696, 11:1:80, 0:37:41.346, 0,  0.00000,    0.00000, 0, -86, 4.2, 1.054, 3, 164
2019-02-12 19:30:03.423020,  , rf>11, 27, 345802660, 306, 1, 4821, 12:2:19, 19:29:56.377, 0,  0.00000,    0.00000, 0, -95, 4.1, 0.287, 3, 164
2019-02-12 19:30:06.321526,  , rf>12, 28, 434276707, 316, 1, 4318, 11:1:80, 0:37:46.220, 0,  0.00000,    0.00000, 0, -86, 4.2, 1.350, 3, 164
2019-02-12 19:30:06.999848,  , rf>11, 28, 345807645, 293, 1, 3382, 12:2:19, 19:30:1.354, 0,  0.00000,    0.00000, 0, -99, 4.1, 0.235, 3, 164
2019-02-12 19:30:10.834211,  , rf>12, 29, 434281189, 604, 1, 3886, 11:1:80, 0:37:50.705, 0,  0.00000,    0.00000, 0, -86, 4.2, 1.431, 3, 164
2019-02-12 19:30:14.755509,  , rf>12, 30, 434285691, 445, 1, 3751, 11:1:80, 0:37:54.210, 0,  0.00000,    0.00000, 0, -87, 4.2, 1.144, 3, 616
2019-02-12 19:30:16.033700,  , rf>11, 30, 345816258, 272, 1, 3828, 12:2:19, 19:30:8.979, 0,  0.00000,    0.00000, 0, -101, 4.1, 0.554, 3, 1766
2019-02-12 19:30:19.676455,  , rf>12, 31, 434289606, 268, 1, 4771, 11:1:80, 0:37:58.127, 0,  0.00000,    0.00000, 0, -87, 4.2, 1.160, 3, 164
2019-02-12 19:30:20.420460,  , rf>11, 31, 345820250, 296, 1, 4207, 12:2:19, 19:30:13.967, 0,  0.00000,    0.00000, 0, -97, 4.1, 0.219, 3, 164
2019-02-12 19:30:25.073430,  , rf>11, 32, 345824621, 337, 1, 4140, 12:2:19, 19:30:18.350, 0,  0.00000,    0.00000, 0, -98, 4.1, 0.264, 3, 164
2019-02-12 19:30:25.605888,  , rf>12, 32, 434294541, 878, 1, 4929, 11:1:80, 0:38:3.54, 0,  0.00000,    0.00000, 0, -87, 4.2, 1.076, 3, 164
2019-02-12 19:30:28.397378,  , rf>11, 33, 345829290, 422, 1, 3147, 12:2:19, 19:30:22.294, 0,  0.00000,    0.00000, 0, -91, 4.1, 0.316, 3, 529
2019-02-12 19:30:30.285221,  , rf>12, 33, 434300462, 321, 1, 4501, 11:1:80, 0:38:8.988, 0,  0.00000,    0.00000, 0, -86, 4.2, 1.383, 3, 992
2019-02-12 19:30:33.067567,  , rf>11, 34, 345832601, 247, 1, 4509, 12:2:19, 19:30:26.324, 0,  0.00000,    0.00000, 0, -91, 4.1, 0.300, 3, 164
2019-02-12 19:30:35.134657,  , rf>12, 34, 434305127, 351, 1, 4192, 11:1:80, 0:38:14.659, 0,  0.00000,    0.00000, 0, -87, 4.2, 1.150, 3, 164
2019-02-12 19:30:37.585719,  , rf>11, 35, 345837274, 230, 1, 4350, 12:2:19, 19:30:30.8, 0,  0.00000,    0.00000, 0, -99, 4.1, 0.703, 3, 164
2019-02-12 19:30:38.973610,  , rf>12, 35, 434309979, 344, 1, 3675, 11:1:80, 0:38:18.513, 0,  0.00000,    0.00000, 0, -86, 4.2, 1.073, 3, 660
2019-02-12 19:30:42.456597,  , rf>11, 36, 345841788, 643, 1, 4705, 12:2:19, 19:30:35.528, 0,  0.00000,    0.00000, 0, -100, 4.1, 0.699, 3, 164
2019-02-12 19:30:42.743848,  , rf>12, 36, 434313818, 1392, 1, 3609, 11:1:80, 0:38:23.363, 0,  0.00000,    0.00000, 0, -85, 4.2, 1.067, 3, 164
2019-02-12 19:30:46.617174,  , rf>11, 37, 345846657, 252, 1, 3997, 12:2:19, 19:30:40.386, 0,  0.00000,    0.00000, 0, -96, 4.1, 0.409, 3, 164
2019-02-12 19:30:47.579546,  , rf>12, 37, 434317591, 1665, 1, 4662, 11:1:80, 0:38:26.128, 0,  0.00000,    0.00000, 0, -84, 4.2, 1.466, 3, 164
2019-02-12 19:30:51.138634,  , rf>11, 38, 345850818, 191, 1, 4366, 12:2:19, 19:30:44.559, 0,  0.00000,    0.00000, 0, -105, 4.1, 0.274, 3, 164
2019-02-12 19:30:51.778891,  , rf>12, 38, 434322417, 448, 1, 4037, 11:1:80, 0:38:31.948, 0,  0.00000,    0.00000, 0, -85, 4.2, 1.495, 3, 164
2019-02-12 19:30:55.365393,  , rf>12, 39, 434326618, 494, 1, 3420, 11:1:80, 0:38:35.149, 0,  0.00000,    0.00000, 0, -85, 4.2, 1.466, 3, 164
2019-02-12 19:30:56.131874,  , rf>11, 39, 345855348, 197, 1, 4809, 12:2:19, 19:30:48.81, 0,  0.00000,    0.00000, 0, -102, 4.1, 0.287, 3, 164
2019-02-12 19:30:59.948201,  , rf>11, 40, 345860321, 215, 1, 3656, 12:2:19, 19:30:53.69, 0,  0.00000,    0.00000, 0, -102, 4.1, 0.335, 3, 164
2019-02-12 19:31:00.423973,  , rf>12, 40, 434330202, 503, 1, 4900, 11:1:80, 0:38:39.735, 0,  0.00000,    0.00000, 0, -84, 4.2, 1.489, 3, 164
2019-02-12 19:31:04.097455,  , rf>11, 41, 345864141, 229, 1, 3983, 12:2:19, 19:30:57.888, 0,  0.00000,    0.00000, 0, -105, 4.1, 0.358, 3, 164
2019-02-12 19:31:04.818439,  , rf>12, 41, 434335266, 374, 1, 4227, 11:1:80, 0:38:44.812, 0,  0.00000,    0.00000, 0, -84, 4.2, 1.473, 3, 164
2019-02-12 19:31:08.499786,  , rf>12, 42, 434339657, 667, 1, 3167, 11:1:80, 0:38:49.196, 0,  0.00000,    0.00000, 0, -84, 4.2, 1.486, 3, 164
2019-02-12 19:31:08.825984,  , rf>11, 42, 345868288, 238, 1, 3862, 12:2:19, 19:31:1.27, 0,  0.00000,    0.00000, 0, -105, 4.1, 0.293, 3, 164
2019-02-12 19:31:12.364690,  , rf>12, 43, 434343330, 423, 1, 3706, 11:1:80, 0:38:52.879, 0,  0.00000,    0.00000, 0, -84, 4.2, 1.421, 3, 506
2019-02-12 19:31:13.408766,  , rf>11, 43, 345873011, 209, 1, 4415, 12:2:19, 19:31:5.762, 0,  0.00000,    0.00000, 0, -106, 4.1, 0.284, 3, 861
2019-02-12 19:31:17.163835,  , rf>12, 44, 434347200, 386, 1, 4305, 11:1:80, 0:38:56.753, 0,  0.00000,    0.00000, 0, -84, 4.2, 1.528, 3, 164
2019-02-12 19:31:20.891259,  , rf>12, 45, 434351994, 313, 1, 3563, 11:1:80, 0:39:1.556, 0,  0.00000,    0.00000, 0, -84, 4.2, 1.537, 3, 489
2019-02-12 19:31:23.184912,  , rf>11, 45, 345882553, 259, 1, 4652, 12:2:19, 19:31:14.308, 0,  0.00000,    0.00000, 0, -102, 4.1, 0.313, 3, 1771
2019-02-12 19:31:25.045454,  , rf>12, 46, 434355721, 605, 1, 3981, 11:1:80, 0:39:5.267, 0,  0.00000,    0.00000, 0, -84, 4.2, 1.515, 3, 164
2019-02-12 19:31:27.135263,  , rf>11, 46, 345887369, 207, 1, 3788, 12:2:19, 19:31:20.129, 0,  0.00000,    0.00000, 0, -101, 4.1, 0.313, 3, 164
2019-02-12 19:31:28.704139,  , rf>12, 47, 434359866, 357, 1, 3496, 11:1:80, 0:39:9.433, 0,  0.00000,    0.00000, 0, -84, 4.2, 1.582, 3, 164
2019-02-12 19:31:30.584064,  , rf>11, 47, 345891321, 359, 1, 3273, 12:2:19, 19:31:24.73, 0,  0.00000,    0.00000, 0, -103, 4.1, 0.303, 3, 164
2019-02-12 19:31:32.517540,  , rf>12, 48, 434363526, 621, 1, 3649, 11:1:80, 0:39:12.87, 0,  0.00000,    0.00000, 0, -84, 4.2, 1.534, 3, 164
2019-02-12 19:31:35.271420,  , rf>11, 48, 345894758, 220, 1, 4516, 12:2:19, 19:31:28.526, 0,  0.00000,    0.00000, 0, -102, 4.1, 0.293, 3, 164
2019-02-12 19:31:36.346432,  , rf>12, 49, 434367339, 464, 1, 3664, 11:1:80, 0:39:16.901, 0,  0.00000,    0.00000, 0, -84, 4.2, 1.515, 3, 164
2019-02-12 19:31:39.676787,  , rf>11, 49, 345899438, 241, 1, 4247, 12:2:19, 19:31:33.205, 0,  0.00000,    0.00000, 0, -106, 4.1, 0.271, 3, 164
2019-02-12 19:31:40.337699,  , rf>12, 50, 434371167, 830, 1, 3842, 11:1:80, 0:39:20.732, 0,  0.00000,    0.00000, 0, -85, 4.2, 1.524, 3, 164
2019-02-12 19:31:45.479873,  , rf>12, 51, 434375173, 545, 1, 4953, 11:1:80, 0:39:24.740, 0,  0.00000,    0.00000, 0, -104, 4.2, 1.534, 3, 164
2019-02-12 19:31:45.718015,  , rf>11, 50, 345903849, 246, 1, 4757, 12:2:19, 19:31:37.608, 0,  0.00000,    0.00000, 0, -105, 4.1, 0.261, 3, 164
2019-02-12 19:31:49.651153,  , rf>12, 52, 434380290, 556, 1, 4001, 11:1:80, 0:39:29.858, 0,  0.00000,    0.00000, 0, -83, 4.2, 1.505, 3, 164
2019-02-12 19:31:50.442082,  , rf>11, 51, 345909891, 256, 1, 4552, 12:2:19, 19:31:42.662, 0,  0.00000,    0.00000, 0, -107, 4.1, 0.290, 3, 1285
2019-02-12 19:31:54.174153,  , rf>11, 52, 345914607, 223, 1, 3559, 12:2:19, 19:31:48.384, 0,  0.00000,    0.00000, 0, -105, 4.1, 0.251, 3, 164
2019-02-12 19:31:55.033016,  , rf>12, 53, 434384455, 20, 1, 4761, 11:1:80, 0:39:33.27, 0,  0.00000,    0.00000, 0, -85, 4.2, 0.000, 3, 164
2019-02-12 19:31:58.642970,  , rf>12, 54, 434389834, 829, 1, 3447, 11:1:80, 0:39:38.418, 0,  0.00000,    0.00000, 0, -84, 4.2, 1.502, 3, 618
2019-02-12 19:31:59.176993,  , rf>11, 53, 345918330, 233, 1, 4844, 12:2:19, 19:31:51.112, 0,  0.00000,    0.00000, 0, -99, 4.1, 0.258, 3, 164
2019-02-12 19:32:02.329842,  , rf>12, 55, 434393445, 1124, 1, 3516, 11:1:80, 0:39:42.32, 0,  0.00000,    0.00000, 0, -84, 4.2, 1.489, 3, 164
2019-02-12 19:32:04.182584,  , rf>11, 54, 345923338, 228, 1, 4842, 12:2:19, 19:31:56.106, 0,  0.00000,    0.00000, 0, -100, 4.1, 0.261, 3, 164
2019-02-12 19:32:06.745293,  , rf>12, 56, 434397125, 415, 1, 4248, 11:1:80, 0:39:46.696, 0,  0.00000,    0.00000, 0, -84, 4.2, 1.418, 3, 164
2019-02-12 19:32:08.091603,  , rf>11, 55, 345928344, 315, 1, 3735, 12:2:19, 19:32:1.126, 0,  0.00000,    0.00000, 0, -100, 4.1, 0.309, 3, 164
2019-02-12 19:32:09.935978,  , rf>12, 57, 434401537, 363, 1, 3037, 11:1:80, 0:39:50.128, 0,  0.00000,    0.00000, 0, -84, 4.2, 1.486, 3, 164
2019-02-12 19:32:13.009264,  , rf>11, 56, 345932243, 251, 1, 4751, 12:2:19, 19:32:5.31, 0,  0.00000,    0.00000, 0, -99, 4.1, 0.287, 3, 164
2019-02-12 19:32:13.882826,  , rf>12, 58, 434404738, 376, 1, 3304, 11:1:80, 0:39:54.331, 0,  0.00000,    0.00000, 0, -84, 4.2, 1.473, 3, 164
2019-02-12 19:32:17.260931,  , rf>11, 57, 345937158, 241, 1, 4068, 12:2:19, 19:32:10.947, 0,  0.00000,    0.00000, 0, -98, 4.1, 0.242, 3, 164
2019-02-12 19:32:18.557388,  , rf>12, 59, 434408686, 442, 1, 4496, 11:1:80, 0:39:57.272, 0,  0.00000,    0.00000, 0, -84, 4.2, 1.502, 3, 644
2019-02-12 19:32:20.625145,  , rf>11, 58, 345941390, 268, 1, 3216, 12:2:19, 19:32:14.169, 0,  0.00000,    0.00000, 0, -98, 4.1, 0.232, 3, 164
2019-02-12 19:32:23.117580,  , rf>12, 60, 434413346, 414, 1, 4394, 11:1:80, 0:40:2.926, 0,  0.00000,    0.00000, 0, -84, 4.2, 1.408, 3, 164
2019-02-12 19:32:25.651315,  , rf>11, 59, 345944770, 332, 1, 4858, 12:2:19, 19:32:18.551, 0,  0.00000,    0.00000, 0, -97, 4.1, 0.238, 3, 164
2019-02-12 19:32:27.482591,  , rf>12, 61, 434417904, 382, 1, 4194, 11:1:80, 0:40:7.495, 0,  0.00000,    0.00000, 0, -85, 4.2, 1.518, 3, 164
2019-02-12 19:32:30.174165,  , rf>11, 60, 345949792, 254, 1, 4369, 12:2:19, 19:32:23.575, 0,  0.00000,    0.00000, 0, -98, 4.1, 0.245, 3, 164
2019-02-12 19:32:31.950503,  , rf>12, 62, 434422262, 376, 1, 4308, 11:1:80, 0:40:11.856, 0,  0.00000,    0.00000, 0, -84, 4.2, 1.476, 3, 164
2019-02-12 19:32:34.675810,  , rf>11, 61, 345954325, 315, 1, 4318, 12:2:19, 19:32:27.110, 0,  0.00000,    0.00000, 0, -98, 4.1, 0.296, 3, 164
2019-02-12 19:32:36.637371,  , rf>12, 63, 434426734, 371, 1, 4543, 11:1:80, 0:40:16.320, 0,  0.00000,    0.00000, 0, -84, 4.2, 1.312, 3, 164
2019-02-12 19:32:38.093933,  , rf>11, 62, 345958807, 253, 1, 3271, 12:2:19, 19:32:32.604, 0,  0.00000,    0.00000, 0, -98, 4.1, 0.313, 3, 164
2019-02-12 19:32:40.468537,  , rf>12, 64, 434431441, 357, 1, 3654, 11:1:80, 0:40:20.29, 0,  0.00000,    0.00000, 0, -84, 4.2, 1.573, 3, 164
2019-02-12 19:32:43.116382,  , rf>11, 63, 345962242, 297, 1, 4855, 12:2:19, 19:32:35.45, 0,  0.00000,    0.00000, 0, -98, 4.1, 0.293, 3, 164
2019-02-12 19:32:44.923470,  , rf>12, 65, 434435259, 379, 1, 4283, 11:1:80, 0:40:24.849, 0,  0.00000,    0.00000, 0, -84, 4.2, 1.557, 3, 164
2019-02-12 19:32:46.330127,  , rf>11, 64, 345967261, 249, 1, 3044, 12:2:19, 19:32:40.65, 0,  0.00000,    0.00000, 0, -98, 4.1, 0.267, 3, 164
2019-02-12 19:32:49.812059,  , rf>12, 66, 434439706, 658, 1, 4714, 11:1:80, 0:40:29.307, 0,  0.00000,    0.00000, 0, -84, 4.2, 1.537, 3, 164
2019-02-12 19:32:50.209927,  , rf>11, 65, 345970469, 414, 1, 3331, 12:2:19, 19:32:44.277, 0,  0.00000,    0.00000, 0, -98, 4.1, 0.255, 3, 164
2019-02-12 19:32:54.097546,  , rf>12, 67, 434444584, 383, 1, 4125, 11:1:80, 0:40:34.196, 0,  0.00000,    0.00000, 0, -84, 4.2, 1.528, 3, 164
2019-02-12 19:32:55.195766,  , rf>11, 66, 345974348, 307, 1, 4817, 12:2:19, 19:32:47.143, 0,  0.00000,    0.00000, 0, -98, 4.1, 0.261, 3, 548
2019-02-12 19:32:57.774454,  , rf>12, 68, 434448873, 277, 1, 3512, 11:1:80, 0:40:38.488, 0,  0.00000,    0.00000, 0, -84, 4.2, 1.441, 3, 164
2019-02-12 19:32:58.379080,  , rf>11, 67, 345979329, 208, 1, 3004, 12:2:19, 19:32:52.138, 0,  0.00000,    0.00000, 0, -98, 4.1, 0.280, 3, 164
2019-02-12 19:33:01.336356,  , rf>12, 69, 434452549, 329, 1, 3391, 11:1:80, 0:40:41.158, 0,  0.00000,    0.00000, 0, -84, 4.2, 1.412, 3, 164
2019-02-12 19:33:02.313547,  , rf>11, 68, 345982497, 260, 1, 3291, 12:2:19, 19:32:56.313, 0,  0.00000,    0.00000, 0, -97, 4.1, 0.229, 3, 164
2019-02-12 19:33:04.580181,  , rf>12, 70, 434456104, 417, 1, 3075, 11:1:80, 0:40:45.715, 0,  0.00000,    0.00000, 0, -84, 4.2, 1.392, 3, 164
2019-02-12 19:33:05.805027,  , rf>11, 69, 345986447, 256, 1, 3306, 12:2:19, 19:32:59.264, 0,  0.00000,    0.00000, 0, -98, 4.1, 0.242, 3, 659
2019-02-12 19:33:07.817802,  , rf>12, 71, 434459343, 333, 1, 3081, 11:1:80, 0:40:48.962, 0,  0.00000,    0.00000, 0, -84, 4.2, 1.544, 3, 164
2019-02-12 19:33:10.377032,  , rf>11, 70, 345989917, 252, 1, 4413, 12:2:19, 19:33:3.727, 0,  0.00000,    0.00000, 0, -98, 4.1, 0.235, 3, 164
2019-02-12 19:33:11.922166,  , rf>12, 72, 434462588, 291, 1, 3925, 11:1:80, 0:40:52.193, 0,  0.00000,    0.00000, 0, -84, 4.2, 1.402, 3, 164
2019-02-12 19:33:14.528124,  , rf>11, 71, 345994494, 207, 1, 3981, 12:2:19, 19:33:8.319, 0,  0.00000,    0.00000, 0, -100, 4.1, 0.245, 3, 164
2019-02-12 19:33:16.400749,  , rf>12, 73, 434466677, 301, 1, 4320, 11:1:80, 0:40:56.283, 0,  0.00000,    0.00000, 0, -84, 4.2, 1.576, 3, 164
2019-02-12 19:33:18.196238,  , rf>11, 72, 345998639, 257, 1, 3496, 12:2:19, 19:33:12.467, 0,  0.00000,    0.00000, 0, -99, 4.1, 0.296, 3, 164
2019-02-12 19:33:19.829742,  , rf>12, 74, 434471161, 353, 1, 3257, 11:1:80, 0:41:0.788, 0,  0.00000,    0.00000, 0, -85, 4.2, 1.499, 3, 164
2019-02-12 19:33:22.011694,  , rf>11, 73, 346002299, 235, 1, 3649, 12:2:19, 19:33:15.117, 0,  0.00000,    0.00000, 0, -99, 4.1, 0.242, 3, 164
2019-02-12 19:33:24.269802,  , rf>12, 75, 434474582, 371, 1, 4276, 11:1:80, 0:41:4.192, 0,  0.00000,    0.00000, 0, -84, 4.2, 1.344, 3, 164
2019-02-12 19:33:25.839703,  , rf>11, 74, 346006112, 171, 1, 3664, 12:2:19, 19:33:19.943, 0,  0.00000,    0.00000, 0, -99, 4.1, 0.284, 3, 164
2019-02-12 19:33:28.990548,  , rf>12, 76, 434479022, 274, 1, 4562, 11:1:80, 0:41:8.653, 0,  0.00000,    0.00000, 0, -85, 4.2, 1.412, 3, 164
2019-02-12 19:33:29.849206,  , rf>11, 75, 346009940, 223, 1, 3842, 12:2:19, 19:33:23.777, 0,  0.00000,    0.00000, 0, -100, 4.1, 0.258, 3, 164
2019-02-12 19:33:34.074463,  , rf>12, 77, 434483748, 327, 1, 4917, 11:1:80, 0:41:13.373, 0,  0.00000,    0.00000, 0, -84, 4.2, 1.495, 3, 164
2019-02-12 19:33:34.965239,  , rf>11, 76, 346013946, 179, 1, 4953, 12:2:19, 19:33:27.787, 0,  0.00000,    0.00000, 0, -100, 4.1, 0.322, 3, 164
2019-02-12 19:33:38.751445,  , rf>12, 78, 434488829, 284, 1, 4515, 11:1:80, 0:41:18.446, 0,  0.00000,    0.00000, 0, -84, 4.2, 1.466, 3, 164
2019-02-12 19:33:39.110318,  , rf>11, 77, 346019063, 210, 1, 4001, 12:2:19, 19:33:32.907, 0,  0.00000,    0.00000, 0, -100, 4.1, 0.261, 3, 164
2019-02-12 19:33:43.832764,  , rf>12, 79, 434493508, 411, 1, 4911, 11:1:80, 0:41:22.126, 0,  0.00000,    0.00000, 0, -84, 4.2, 1.515, 3, 164
2019-02-12 19:33:44.068451,  , rf>11, 78, 346023228, 222, 1, 4761, 12:2:19, 19:33:36.73, 0,  0.00000,    0.00000, 0, -99, 4.1, 0.287, 3, 164
2019-02-12 19:33:47.456986,  , rf>12, 80, 434498583, 330, 1, 3465, 11:1:80, 0:41:28.223, 0,  0.00000,    0.00000, 0, -84, 4.2, 1.470, 3, 164
2019-02-12 19:33:48.004981,  , rf>11, 79, 346028153, 323, 1, 3377, 12:2:19, 19:33:41.999, 0,  0.00000,    0.00000, 0, -97, 4.1, 0.261, 3, 164
2019-02-12 19:33:51.682731,  , rf>11, 80, 346032094, 284, 1, 3516, 12:2:19, 19:33:45.938, 0,  0.00000,    0.00000, 0, -97, 4.1, 0.255, 3, 564
2019-02-12 19:33:52.452353,  , rf>12, 81, 434502212, 340, 1, 4828, 11:1:80, 0:41:31.167, 0,  0.00000,    0.00000, 0, -84, 4.2, 0.000, 3, 164
2019-02-12 19:33:56.079304,  , rf>12, 82, 434507204, 397, 1, 3443, 11:1:80, 0:41:36.851, 0,  0.00000,    0.00000, 0, -84, 4.2, 1.531, 3, 164
2019-02-12 19:33:56.944915,  , rf>11, 81, 346035774, 159, 1, 4248, 12:2:19, 19:33:49.622, 0,  0.00000,    0.00000, 0, -97, 4.1, 0.296, 3, 164
2019-02-12 19:34:00.494283,  , rf>12, 83, 434510811, 323, 1, 4263, 11:1:80, 0:41:40.460, 0,  0.00000,    0.00000, 0, -84, 4.2, 1.531, 3, 164
2019-02-12 19:34:02.044424,  , rf>11, 82, 346041037, 203, 1, 4935, 12:2:19, 19:33:53.877, 0,  0.00000,    0.00000, 0, -96, 4.1, 0.232, 3, 1015
2019-02-12 19:34:05.628509,  , rf>12, 84, 434515238, 323, 1, 4947, 11:1:80, 0:41:44.888, 0,  0.00000,    0.00000, 0, -84, 4.2, 1.534, 3, 164
2019-02-12 19:34:07.061027,  , rf>11, 83, 346046136, 1614, 1, 4836, 12:2:19, 19:33:59.981, 0,  0.00000,    0.00000, 0, -96, 4.1, 0.264, 3, 164
2019-02-12 19:34:08.943746,  , rf>12, 85, 434520349, 404, 1, 3162, 11:1:80, 0:41:49.993, 0,  0.00000,    0.00000, 0, -84, 4.2, 1.495, 3, 164
2019-02-12 19:34:10.929022,  , rf>11, 84, 346051136, 2695, 1, 3706, 12:2:19, 19:34:4.992, 0,  0.00000,    0.00000, 0, -98, 4.1, 0.264, 3, 164
2019-02-12 19:34:12.346696,  , rf>12, 86, 434523675, 411, 1, 3235, 11:1:80, 0:41:53.323, 0,  0.00000,    0.00000, 0, -85, 4.2, 1.424, 3, 164
2019-02-12 19:34:14.922854,  , rf>11, 85, 346055006, 316, 1, 3836, 12:2:19, 19:34:8.855, 0,  0.00000,    0.00000, 0, -95, 4.1, 0.306, 3, 164
2019-02-12 19:34:17.081412,  , rf>12, 87, 434527074, 1569, 1, 4571, 11:1:80, 0:41:56.715, 0,  0.00000,    0.00000, 0, -85, 4.2, 1.450, 3, 164
2019-02-12 19:34:19.708020,  , rf>11, 86, 346059006, 266, 1, 4626, 12:2:19, 19:34:12.868, 0,  0.00000,    0.00000, 0, -95, 4.1, 0.313, 3, 164
2019-02-12 19:34:20.885927,  , rf>12, 88, 434531809, 1126, 1, 3643, 11:1:80, 0:42:1.463, 0,  0.00000,    0.00000, 0, -84, 4.2, 1.334, 3, 164
2019-02-12 19:34:24.113426,  , rf>11, 87, 346063796, 170, 1, 4223, 12:2:19, 19:34:17.660, 0,  0.00000,    0.00000, 0, -105, 4.1, 0.235, 3, 164
2019-02-12 19:34:24.760874,  , rf>12, 89, 434535616, 1071, 1, 3227, 11:1:80, 0:42:5.272, 0,  0.00000,    0.00000, 0, -103, 4.2, 1.415, 3, 164
2019-02-12 19:34:28.320698,  , rf>11, 88, 346068183, 236, 1, 4039, 12:2:19, 19:34:21.47, 0,  0.00000,    0.00000, 0, -95, 4.1, 0.251, 3, 164
2019-02-12 19:34:28.788337,  , rf>12, 90, 434539490, 1121, 1, 3487, 11:1:80, 0:42:8.157, 0,  0.00000,    0.00000, 0, -102, 4.2, 1.402, 3, 647
2019-02-12 19:34:32.011493,  , rf>12, 91, 434543495, 356, 1, 3069, 11:1:80, 0:42:12.148, 0,  0.00000,    0.00000, 0, -85, 4.2, 1.566, 3, 518
2019-02-12 19:34:32.649699,  , rf>11, 89, 346072386, -1, 0, 4178, 12:2:19, 19:34:26.848, 0,  0.00000,    0.00000, 0, -95, 4.1, 0.280, 3, 164
2019-02-12 19:34:36.967604,  , rf>12, 92, 434546728, 323, 1, 4791, 11:1:80, 0:42:16.403, 0,  0.00000,    0.00000, 0, -84, 4.2, 1.453, 3, 164
2019-02-12 19:34:37.336713,  , rf>11, 90, 346076728, 849, 1, 4517, 12:2:19, 19:34:30.596, 0,  0.00000,    0.00000, 0, -95, 4.1, 0.296, 3, 164
2019-02-12 19:34:40.498321,  , rf>12, 93, 434551683, 1180, 1, 3353, 11:1:80, 0:42:21.351, 0,  0.00000,    0.00000, 0, -84, 4.2, 1.434, 3, 164
2019-02-12 19:34:41.812355,  , rf>11, 91, 346081409, 163, 1, 3107, 12:2:19, 19:34:35.282, 0,  0.00000,    0.00000, 0, -93, 4.1, 0.332, 3, 164
2019-02-12 19:34:44.912476,  , rf>12, 94, 434555200, -1, 0, 4246, 11:1:80, 0:42:24.575, 0,  0.00000,    0.00000, 0, -84, 4.2, 1.412, 3, 164
2019-02-12 19:34:45.117927,  , rf>11, 92, 346085865, 195, 1, 3147, 12:2:19, 19:34:38.736, 0,  0.00000,    0.00000, 0, -93, 4.1, 0.319, 3, 1349
2019-02-12 19:34:48.448897,  , rf>11, 93, 346089176, 249, 1, 3190, 12:2:19, 19:34:42.52, 0,  0.00000,    0.00000, 0, -93, 4.1, 0.258, 3, 164
2019-02-12 19:34:49.492094,  , rf>12, 95, 434559610, 501, 1, 4422, 11:1:80, 0:42:29.283, 0,  0.00000,    0.00000, 0, -84, 4.2, 1.495, 3, 164
2019-02-12 19:34:52.061574,  , rf>11, 94, 346092530, 202, 1, 3431, 12:2:19, 19:34:46.399, 0,  0.00000,    0.00000, 0, -93, 4.1, 0.242, 3, 164
2019-02-12 19:34:54.051122,  , rf>12, 96, 434564196, 216, 1, 4397, 11:1:80, 0:42:33.873, 0,  0.00000,    0.00000, 0, -84, 4.2, 1.163, 3, 164
2019-02-12 19:34:55.308162,  , rf>11, 95, 346096125, 344, 1, 3081, 12:2:19, 19:34:49.9, 0,  0.00000,    0.00000, 0, -95, 4.1, 0.500, 3, 164
2019-02-12 19:34:57.817982,  , rf>12, 97, 434568757, 334, 1, 3606, 11:1:80, 0:42:38.425, 0,  0.00000,    0.00000, 0, -85, 4.2, 1.357, 3, 164
2019-02-12 19:34:59.393485,  , rf>11, 96, 346099370, 232, 1, 3925, 12:2:19, 19:34:53.243, 0,  0.00000,    0.00000, 0, -93, 4.1, 0.284, 3, 164
2019-02-12 19:35:01.994711,  , rf>12, 98, 434572527, 555, 1, 4005, 11:1:80, 0:42:42.216, 0,  0.00000,    0.00000, 0, -84, 4.2, 1.479, 3, 164
2019-02-12 19:35:03.895675,  , rf>11, 97, 346103459, 246, 1, 4320, 12:2:19, 19:34:57.345, 0,  0.00000,    0.00000, 0, -92, 4.1, 0.267, 3, 164
2019-02-12 19:35:06.394201,  , rf>12, 99, 434576696, 282, 1, 4223, 11:1:80, 0:42:46.368, 0,  0.00000,    0.00000, 0, -85, 4.2, 1.386, 3, 164
2019-02-12 19:35:07.316861,  , rf>11, 98, 346107943, 219, 1, 3257, 12:2:19, 19:35:1.834, 0,  0.00000,    0.00000, 0, -93, 4.1, 0.316, 3, 164
2019-02-12 19:35:09.643053,  , rf>12, 100, 434581083, 328, 1, 3087, 11:1:80, 0:42:50.758, 0,  0.00000,    0.00000, 0, -84, 4.2, 1.441, 3, 164
2019-02-12 19:35:11.751440,  , rf>11, 99, 346111364, 314, 1, 4276, 12:2:19, 19:35:5.254, 0,  0.00000,    0.00000, 0, -93, 4.1, 0.303, 3, 164
2019-02-12 19:35:14.510856,  , rf>12, 101, 434584334, 343, 1, 4708, 11:1:80, 0:42:53.20, 0,  0.00000,    0.00000, 0, -84, 4.2, 1.421, 3, 164
2019-02-12 19:35:16.464765,  , rf>11, 100, 346115804, 473, 1, 4562, 12:2:19, 19:35:9.699, 0,  0.00000,    0.00000, 0, -93, 4.1, 0.329, 3, 164
2019-02-12 19:35:18.385402,  , rf>12, 102, 434589206, 278, 1, 3715, 11:1:80, 0:42:58.903, 0,  0.00000,    0.00000, 0, -85, 4.2, 1.350, 3, 164
2019-02-12 19:35:21.577000,  , rf>11, 101, 346120530, 253, 1, 4917, 12:2:19, 19:35:14.413, 0,  0.00000,    0.00000, 0, -93, 4.1, 0.287, 3, 164
2019-02-12 19:35:22.315227,  , rf>12, 103, 434593085, 330, 1, 3747, 11:1:80, 0:43:2.766, 0,  0.00000,    0.00000, 0, -85, 4.2, 1.286, 3, 164
2019-02-12 19:35:31.290714,  , rf>12, 105, 434602695, 314, 1, 3099, 11:1:80, 0:43:10.396, 0,  0.00000,    0.00000, 0, -84, 4.2, 1.447, 3, 1852
2019-02-12 19:35:32.910154,  , rf>11, 103, 346131849, 343, 1, 4932, 12:2:19, 19:35:24.72, 0,  0.00000,    0.00000, 0, -92, 4.1, 0.000, 3, 1723
2019-02-12 19:35:34.829476,  , rf>12, 106, 434605958, 353, 1, 3393, 11:1:80, 0:43:15.664, 0,  0.00000,    0.00000, 0, -85, 4.2, 1.412, 3, 164
2019-02-12 19:35:37.896657,  , rf>11, 104, 346136944, 275, 1, 4828, 12:2:19, 19:35:30.850, 0,  0.00000,    0.00000, 0, -92, 4.1, 0.280, 3, 163
2019-02-12 19:35:38.007402,  , rf>12, 107, 434609515, 334, 1, 3016, 11:1:80, 0:43:19.214, 0,  0.00000,    0.00000, 0, -102, 4.2, 1.428, 3, 164
2019-02-12 19:35:41.316659,  , rf>12, 108, 434612695, 476, 1, 3141, 11:1:80, 0:43:22.404, 0,  0.00000,    0.00000, 0, -84, 4.2, 1.334, 3, 164
2019-02-12 19:35:42.224304,  , rf>11, 105, 346141936, 326, 1, 3385, 12:2:19, 19:35:35.137, 0,  0.00000,    0.00000, 0, -92, 4.1, 0.000, 3, 164
2019-02-12 19:35:46.049056,  , rf>11, 106, 346146252, 313, 1, 3651, 12:2:19, 19:35:39.149, 0,  0.00000,    0.00000, 0, -92, 4.1, 0.245, 3, 931
2019-02-12 19:35:46.411634,  , rf>12, 109, 434616000, 1132, 1, 4920, 11:1:80, 0:43:25.294, 0,  0.00000,    0.00000, 0, -84, 4.2, 1.405, 3, 164
2019-02-12 19:35:50.434003,  , rf>12, 110, 434621084, 1081, 1, 3869, 11:1:80, 0:43:30.779, 0,  0.00000,    0.00000, 0, -84, 4.2, 1.402, 3, 164
2019-02-12 19:35:51.146654,  , rf>11, 107, 346150067, 243, 1, 4938, 12:2:19, 19:35:43.978, 0,  0.00000,    0.00000, 0, -92, 4.1, 0.258, 3, 164
2019-02-12 19:35:54.097114,  , rf>12, 111, 434625117, 330, 2, 3484, 11:1:80, 0:43:34.814, 0,  0.00000,    0.00000, 0, -85, 4.2, 1.457, 3, 164
2019-02-12 19:35:55.073665,  , rf>11, 108, 346155169, 260, 1, 3761, 12:2:19, 19:35:48.84, 0,  0.00000,    0.00000, 0, -95, 4.1, 0.238, 3, 164
2019-02-12 19:35:57.988623,  , rf>12, 112, 434628765, 470, 1, 3738, 11:1:80, 0:43:38.464, 0,  0.00000,    0.00000, 0, -84, 4.2, 1.479, 3, 164
2019-02-12 19:35:59.608060,  , rf>11, 109, 346159094, 321, 1, 4366, 12:2:19, 19:35:52.12, 0,  0.00000,    0.00000, 0, -105, 4.1, 0.313, 3, 164
2019-02-12 19:36:02.628578,  , rf>12, 113, 434632667, 357, 1, 4466, 11:1:80, 0:43:42.386, 0,  0.00000,    0.00000, 0, -86, 4.2, 1.392, 3, 164
2019-02-12 19:36:04.386397,  , rf>11, 110, 346163624, 486, 1, 4620, 12:2:19, 19:35:57.541, 0,  0.00000,    0.00000, 0, -93, 4.1, 0.290, 3, 164
2019-02-12 19:36:06.246170,  , rf>12, 114, 434637297, 278, 1, 3457, 11:1:80, 0:43:46.19, 0,  0.00000,    0.00000, 0, -85, 4.2, 1.508, 3, 164
2019-02-12 19:36:07.675633,  , rf>11, 111, 346168408, 366, 1, 3126, 12:2:19, 19:36:2.319, 0,  0.00000,    0.00000, 0, -93, 4.1, 0.238, 3, 164
2019-02-12 19:36:10.038938,  , rf>12, 115, 434640918, 20, 1, 3621, 11:1:80, 0:43:50.642, 0,  0.00000,    0.00000, 0, -85, 4.2, 0.000, 3, 164
2019-02-12 19:36:11.919178,  , rf>11, 112, 346171698, 347, 1, 4066, 12:2:19, 19:36:5.610, 0,  0.00000,    0.00000, 0, -95, 4.1, 0.264, 3, 164
2019-02-12 19:36:13.992027,  , rf>12, 116, 434644703, 265, 1, 3779, 11:1:80, 0:43:54.429, 0,  0.00000,    0.00000, 0, -85, 4.2, 1.495, 3, 164
2019-02-12 19:36:16.259095,  , rf>11, 113, 346175928, 228, 1, 4174, 12:2:19, 19:36:9.841, 0,  0.00000,    0.00000, 0, -95, 4.1, 0.290, 3, 164
2019-02-12 19:36:17.855167,  , rf>12, 117, 434648646, 424, 1, 3699, 11:1:80, 0:43:58.356, 0,  0.00000,    0.00000, 0, -84, 4.2, 1.437, 3, 164
2019-02-12 19:36:21.238783,  , rf>11, 114, 346180266, 244, 1, 4837, 12:2:19, 19:36:13.191, 0,  0.00000,    0.00000, 0, -93, 4.1, 0.303, 3, 164
2019-02-12 19:36:22.830988,  , rf>12, 118, 434652509, 432, 1, 4809, 11:1:80, 0:44:2.221, 0,  0.00000,    0.00000, 0, -85, 4.2, 1.257, 3, 164
2019-02-12 19:36:25.810794,  , rf>11, 115, 346185267, 233, 1, 4391, 12:2:19, 19:36:19.194, 0,  0.00000,    0.00000, 0, -93, 4.1, 0.274, 3, 164
2019-02-12 19:36:27.953868,  , rf>12, 119, 434657482, 213, 1, 4966, 11:1:80, 0:44:7.195, 0,  0.00000,    0.00000, 0, -85, 4.2, 1.399, 3, 164
2019-02-12 19:36:29.106878,  , rf>11, 116, 346189822, 241, 1, 3131, 12:2:19, 19:36:23.742, 0,  0.00000,    0.00000, 0, -93, 4.1, 0.242, 3, 164
2019-02-12 19:36:32.995731,  , rf>12, 120, 434662612, 375, 1, 4878, 11:1:80, 0:44:12.337, 0,  0.00000,    0.00000, 0, -84, 4.2, 1.447, 3, 164
2019-02-12 19:36:34.307810,  , rf>11, 117, 346193117, 485, 1, 3776, 12:2:19, 19:36:26.38, 0,  0.00000,    0.00000, 0, -91, 4.1, 0.264, 3, 164
2019-02-12 19:36:36.963823,  , rf>12, 121, 434667654, 307, 1, 3817, 11:1:80, 0:44:17.389, 0,  0.00000,    0.00000, 0, -85, 4.2, 1.537, 3, 164
2019-02-12 19:36:38.363510,  , rf>11, 118, 346198317, 277, 1, 3876, 12:2:19, 19:36:30.253, 0,  0.00000,    0.00000, 0, -93, 4.1, 0.290, 3, 1424
2019-02-12 19:36:42.048797,  , rf>12, 122, 434671635, 399, 1, 4889, 11:1:80, 0:44:21.373, 0,  0.00000,    0.00000, 0, -85, 4.2, 1.437, 3, 164
2019-02-12 19:36:43.163915,  , rf>11, 119, 346202357, 285, 1, 4629, 12:2:19, 19:36:36.295, 0,  0.00000,    0.00000, 0, -95, 4.1, 0.284, 3, 164
2019-02-12 19:36:45.954544,  , rf>12, 123, 434676688, 415, 1, 3743, 11:1:80, 0:44:26.420, 0,  0.00000,    0.00000, 0, -85, 4.2, 1.389, 3, 164
2019-02-12 19:36:47.822407,  , rf>11, 120, 346207150, 235, 1, 4500, 12:2:19, 19:36:40.89, 0,  0.00000,    0.00000, 0, -93, 4.1, 0.342, 3, 164
2019-02-12 19:36:50.086951,  , rf>12, 124, 434680595, 285, 1, 3969, 11:1:80, 0:44:30.328, 0,  0.00000,    0.00000, 0, -85, 4.2, 1.528, 3, 164
2019-02-12 19:36:51.848037,  , rf>11, 121, 346211814, 267, 1, 3873, 12:2:19, 19:36:45.746, 0,  0.00000,    0.00000, 0, -91, 4.1, 0.354, 3, 164
2019-02-12 19:36:53.990969,  , rf>12, 125, 434684728, 285, 1, 3735, 11:1:80, 0:44:34.464, 0,  0.00000,    0.00000, 0, -85, 4.2, 1.328, 3, 164
2019-02-12 19:36:56.117192,  , rf>11, 122, 346215851, 260, 1, 4102, 12:2:19, 19:36:49.794, 0,  0.00000,    0.00000, 0, -95, 4.1, 0.261, 3, 164
2019-02-12 19:36:59.037987,  , rf>12, 126, 434688627, 831, 1, 4895, 11:1:80, 0:44:38.365, 0,  0.00000,    0.00000, 0, -85, 4.2, 1.476, 3, 164
2019-02-12 19:37:00.737896,  , rf>11, 123, 346220117, 231, 1, 3305, 12:2:19, 19:36:53.53, 0,  0.00000,    0.00000, 0, -93, 4.1, 0.251, 3, 164
2019-02-12 19:37:03.716944,  , rf>12, 127, 434693686, 405, 1, 4511, 11:1:80, 0:44:43.416, 0,  0.00000,    0.00000, 0, -85, 4.2, 1.292, 3, 164
2019-02-12 19:37:04.834502,  , rf>11, 124, 346224724, 239, 1, 3922, 12:2:19, 19:36:57.661, 0,  0.00000,    0.00000, 0, -93, 4.1, 0.306, 3, 1302
2019-02-12 19:37:07.904397,  , rf>12, 128, 434698361, 514, 1, 4007, 11:1:80, 0:44:47.94, 0,  0.00000,    0.00000, 0, -85, 4.2, 1.334, 3, 164
2019-02-12 19:37:08.968433,  , rf>11, 125, 346228810, 366, 1, 3987, 12:2:19, 19:37:2.766, 0,  0.00000,    0.00000, 0, -93, 4.1, 0.429, 3, 164
2019-02-12 19:37:11.982830,  , rf>12, 129, 434702532, 411, 1, 3929, 11:1:80, 0:44:52.277, 0,  0.00000,    0.00000, 0, -86, 4.2, 1.476, 3, 164
2019-02-12 19:37:12.871505,  , rf>11, 126, 346232961, 350, 1, 3735, 12:2:19, 19:37:6.915, 0,  0.00000,    0.00000, 0, -93, 4.1, 0.335, 3, 164
2019-02-12 19:37:15.853025,  , rf>12, 130, 434706625, 408, 1, 3698, 11:1:80, 0:44:56.371, 0,  0.00000,    0.00000, 0, -85, 4.2, 1.418, 3, 164
2019-02-12 19:37:17.820204,  , rf>11, 127, 346236860, 325, 1, 4784, 12:2:19, 19:37:10.806, 0,  0.00000,    0.00000, 0, -95, 4.1, 0.255, 3, 164
2019-02-12 19:37:20.588780,  , rf>12, 131, 434710487, 323, 1, 4570, 11:1:80, 0:45:0.236, 0,  0.00000,    0.00000, 0, -85, 4.2, 1.363, 3, 164
2019-02-12 19:37:21.361004,  , rf>11, 128, 346241808, 220, 1, 3365, 12:2:19, 19:37:15.766, 0,  0.00000,    0.00000, 0, -93, 4.1, 0.319, 3, 164
2019-02-12 19:37:24.253820,  , rf>12, 132, 434715221, 406, 1, 3491, 11:1:80, 0:45:4.972, 0,  0.00000,    0.00000, 0, -83, 4.2, 1.402, 3, 164
2019-02-12 19:37:25.591827,  , rf>11, 129, 346245337, 246, 1, 4082, 12:2:19, 19:37:19.301, 0,  0.00000,    0.00000, 0, -92, 4.1, 0.348, 3, 164
2019-02-12 19:37:29.303824,  , rf>12, 133, 434718876, -1, 0, 4900, 11:1:80, 0:45:8.629, 0,  0.00000,    0.00000, 0, -85, 4.2, 1.399, 3, 164
2019-02-12 19:37:30.610064,  , rf>11, 130, 346249583, 539, 1, 4834, 12:2:19, 19:37:23.550, 0,  0.00000,    0.00000, 0, -93, 4.1, 0.274, 3, 164
2019-02-12 19:37:32.898751,  , rf>12, 134, 434723940, 421, 1, 3430, 11:1:80, 0:45:13.703, 0,  0.00000,    0.00000, 0, -84, 4.2, 1.250, 3, 164
2019-02-12 19:37:34.710380,  , rf>11, 131, 346254581, 325, 1, 3940, 12:2:19, 19:37:28.547, 0,  0.00000,    0.00000, 0, -95, 4.1, 0.274, 3, 164
2019-02-12 19:37:37.588320,  , rf>12, 135, 434727534, -1, 0, 4508, 11:1:80, 0:45:17.280, 0,  0.00000,    0.00000, 0, -84, 4.2, 1.386, 3, 164
2019-02-12 19:37:38.934748,  , rf>11, 132, 346258685, 235, 1, 4040, 12:2:19, 19:37:32.658, 0,  0.00000,    0.00000, 0, -93, 4.1, 0.296, 3, 164
2019-02-12 19:37:42.272482,  , rf>12, 136, 434732206, -1, 0, 4528, 11:1:80, 0:45:21.972, 0,  0.00000,    0.00000, 0, -85, 4.2, 1.402, 3, 164
2019-02-12 19:37:43.509919,  , rf>11, 133, 346262889, 393, 1, 4415, 12:2:19, 19:37:36.851, 0,  0.00000,    0.00000, 0, -93, 4.1, 0.313, 3, 164
2019-02-12 19:37:47.127798,  , rf>12, 137, 434736898, 397, 1, 4676, 11:1:80, 0:45:26.658, 0,  0.00000,    0.00000, 0, -84, 4.2, 1.321, 3, 164
2019-02-12 19:37:48.028086,  , rf>11, 134, 346267468, 357, 1, 3560, 12:2:19, 19:37:41.447, 0,  0.00000,    0.00000, 0, -104, 4.1, 0.461, 3, 164
2019-02-12 19:37:51.400593,  , rf>12, 138, 434741738, 359, 1, 4111, 11:1:80, 0:45:31.808, 0,  0.00000,    0.00000, 0, -85, 4.2, 0.000, 3, 164
2019-02-12 19:37:52.902429,  , rf>11, 135, 346271997, 267, 1, 4705, 12:2:19, 19:37:44.977, 0,  0.00000,    0.00000, 0, -93, 4.1, 0.364, 3, 969
2019-02-12 19:37:56.163927,  , rf>11, 136, 346276866, 262, 1, 3097, 12:2:19, 19:37:50.840, 0,  0.00000,    0.00000, 0, -93, 4.1, 0.364, 3, 164
2019-02-12 19:37:56.522263,  , rf>12, 139, 434746013, 472, 1, 4950, 11:1:80, 0:45:35.786, 0,  0.00000,    0.00000, 0, -84, 4.2, 1.395, 3, 164
2019-02-12 19:38:00.125371,  , rf>11, 137, 346280127, 262, 1, 3788, 12:2:19, 19:37:53.101, 0,  0.00000,    0.00000, 0, -93, 4.1, 0.303, 3, 164
2019-02-12 19:38:01.454021,  , rf>12, 140, 434751127, 378, 1, 4769, 11:1:80, 0:45:40.894, 0,  0.00000,    0.00000, 0, -84, 4.2, 1.405, 3, 164
2019-02-12 19:38:04.078441,  , rf>11, 138, 346284079, 233, 1, 3779, 12:2:19, 19:37:57.55, 0,  0.00000,    0.00000, 0, -92, 4.1, 0.277, 3, 164
2019-02-12 19:38:05.050086,  , rf>12, 141, 434756060, 367, 1, 3441, 11:1:80, 0:45:45.819, 0,  0.00000,    0.00000, 0, -84, 4.2, 1.254, 3, 164
2019-02-12 19:38:07.931680,  , rf>11, 139, 346288022, 216, 1, 3699, 12:2:19, 19:38:1.11, 0,  0.00000,    0.00000, 0, -92, 4.1, 0.309, 3, 164
2019-02-12 19:38:08.530410,  , rf>12, 142, 434759665, 483, 1, 3313, 11:1:80, 0:45:49.426, 0,  0.00000,    0.00000, 0, -84, 4.2, 1.279, 3, 164
2019-02-12 19:38:12.916481,  , rf>11, 140, 346291885, 309, 1, 4809, 12:2:19, 19:38:5.881, 0,  0.00000,    0.00000, 0, -93, 4.1, 0.338, 3, 164
2019-02-12 19:38:13.291413,  , rf>12, 143, 434763142, 489, 1, 4599, 11:1:80, 0:45:52.915, 0,  0.00000,    0.00000, 0, -84, 4.2, 1.215, 3, 164
2019-02-12 19:38:17.953205,  , rf>12, 144, 434767905, 341, 1, 4490, 11:1:80, 0:45:57.669, 0,  0.00000,    0.00000, 0, -83, 4.2, 1.408, 3, 164
2019-02-12 19:38:18.938569,  , rf>11, 141, 346296858, 236, 1, 4966, 12:2:19, 19:38:10.843, 0,  0.00000,    0.00000, 0, -93, 4.1, 0.287, 3, 164
2019-02-12 19:38:22.139019,  , rf>12, 145, 434772559, 394, 1, 4043, 11:1:80, 0:46:2.336, 0,  0.00000,    0.00000, 0, -83, 4.2, 1.360, 3, 164
2019-02-12 19:38:23.745712,  , rf>11, 142, 346302870, 336, 1, 4646, 12:2:19, 19:38:15.866, 0,  0.00000,    0.00000, 0, -93, 4.1, 0.290, 3, 1046
2019-02-12 19:38:26.448476,  , rf>12, 146, 434776766, 393, 1, 4109, 11:1:80, 0:46:6.545, 0,  0.00000,    0.00000, 0, -85, 4.2, 1.528, 3, 164
2019-02-12 19:38:28.710425,  , rf>11, 143, 346307680, 238, 1, 4808, 12:2:19, 19:38:21.681, 0,  0.00000,    0.00000, 0, -95, 4.1, 0.277, 3, 164
2019-02-12 19:38:31.000342,  , rf>12, 147, 434781039, 563, 1, 4403, 11:1:80, 0:46:10.820, 0,  0.00000,    0.00000, 0, -85, 4.2, 1.444, 3, 164
2019-02-12 19:38:33.846690,  , rf>11, 144, 346312652, 250, 1, 4965, 12:2:19, 19:38:26.655, 0,  0.00000,    0.00000, 0, -93, 4.1, 0.319, 3, 164
2019-02-12 19:38:34.483981,  , rf>12, 148, 434785606, 509, 1, 3313, 11:1:80, 0:46:15.381, 0,  0.00000,    0.00000, 0, -85, 4.2, 1.415, 3, 164
2019-02-12 19:38:37.877941,  , rf>11, 145, 346317781, 176, 1, 3860, 12:2:19, 19:38:31.789, 0,  0.00000,    0.00000, 0, -95, 4.1, 0.274, 3, 164
2019-02-12 19:38:39.400824,  , rf>12, 149, 434789083, 402, 1, 4767, 11:1:80, 0:46:18.869, 0,  0.00000,    0.00000, 0, -85, 4.2, 1.392, 3, 164
2019-02-12 19:38:42.282104,  , rf>11, 146, 346321805, 259, 1, 4230, 12:2:19, 19:38:35.815, 0,  0.00000,    0.00000, 0, -93, 4.1, 0.255, 3, 164
2019-02-12 19:38:42.641297,  , rf>12, 150, 434794014, 486, 1, 3048, 11:1:80, 0:46:23.814, 0,  0.00000,    0.00000, 0, -84, 4.2, 1.315, 3, 164
2019-02-12 19:38:45.643898,  , rf>11, 147, 346326199, 317, 1, 3213, 12:2:19, 19:38:40.210, 0,  0.00000,    0.00000, 0, -93, 4.1, 0.261, 3, 164
2019-02-12 19:38:47.137973,  , rf>12, 151, 434797226, 402, 1, 4343, 11:1:80, 0:46:26.19, 0,  0.00000,    0.00000, 0, -84, 4.2, 1.386, 3, 164
2019-02-12 19:38:48.930296,  , rf>11, 148, 346329576, 257, 1, 3124, 12:2:19, 19:38:43.591, 0,  0.00000,    0.00000, 0, -93, 4.1, 0.287, 3, 164

